-75.7510104,  36.1826700,     2.56,    62.00,   572.00
-75.7508836,  36.1827037,     2.58,    74.00,   572.00
-75.7507568,  36.1827373,     2.40,    86.00,   572.00
-75.7506301,  36.1827710,     1.58,    98.00,   572.00
-75.7505033,  36.1828047,     0.05,   110.00,   572.00
-75.7503765,  36.1828383,    -0.83,   122.00,   572.00
-75.7502497,  36.1828720,    -1.45,   134.00,   572.00
-75.7501230,  36.1829057,    -1.79,   146.00,   572.00
-75.7499962,  36.1829393,    -1.85,   158.00,   572.00
-75.7498694,  36.1829730,    -1.80,   170.00,   572.00
-75.7497427,  36.1830067,    -1.80,   182.00,   572.00
-75.7496159,  36.1830403,    -1.93,   194.00,   572.00
-75.7494891,  36.1830740,    -1.77,   206.00,   572.00
-75.7493624,  36.1831077,    -2.06,   218.00,   572.00
-75.7492356,  36.1831414,    -2.28,   230.00,   572.00
-75.7491088,  36.1831750,    -2.36,   242.00,   572.00
-75.7489821,  36.1832087,    -2.51,   254.00,   572.00
-75.7488553,  36.1832424,    -2.88,   266.00,   572.00
-75.7487285,  36.1832760,    -3.37,   278.00,   572.00
-75.7486017,  36.1833097,    -3.66,   290.00,   572.00
-75.7484750,  36.1833434,    -3.86,   302.00,   572.00
-75.7483482,  36.1833770,    -3.97,   314.00,   572.00
-75.7482214,  36.1834107,    -4.01,   326.00,   572.00
-75.7480947,  36.1834444,    -4.02,   338.00,   572.00
-75.7479679,  36.1834780,    -4.04,   350.00,   572.00
-75.7478411,  36.1835117,    -4.09,   362.00,   572.00
-75.7477144,  36.1835454,    -4.17,   374.00,   572.00
-75.7475876,  36.1835790,    -4.27,   386.00,   572.00
-75.7474608,  36.1836127,    -4.43,   398.00,   572.00
-75.7473341,  36.1836464,    -4.64,   410.00,   572.00
-75.7472073,  36.1836800,    -4.93,   422.00,   572.00
-75.7470805,  36.1837137,    -4.90,   434.00,   572.00
-75.7469537,  36.1837474,    -4.91,   446.00,   572.00
-75.7468270,  36.1837810,    -5.10,   458.00,   572.00
-75.7467002,  36.1838147,    -5.31,   470.00,   572.00
-75.7465734,  36.1838484,    -5.40,   482.00,   572.00
-75.7464467,  36.1838821,    -5.59,   494.00,   572.00
-75.7463199,  36.1839157,    -5.81,   506.00,   572.00
-75.7461931,  36.1839494,    -5.92,   518.00,   572.00
-75.7460664,  36.1839831,    -6.01,   530.00,   572.00
-75.7459396,  36.1840167,    -6.13,   542.00,   572.00
-75.7458128,  36.1840504,    -6.22,   554.00,   572.00
-75.7456861,  36.1840841,    -6.33,   566.00,   572.00
-75.7455593,  36.1841177,    -6.43,   578.00,   572.00
-75.7454325,  36.1841514,    -6.54,   590.00,   572.00
-75.7453057,  36.1841851,    -6.65,   602.00,   572.00
-75.7451790,  36.1842187,    -6.75,   614.00,   572.00
-75.7450522,  36.1842524,    -6.86,   626.00,   572.00
-75.7449254,  36.1842861,    -6.96,   638.00,   572.00
-75.7447987,  36.1843197,    -7.05,   650.00,   572.00
-75.7446719,  36.1843534,    -7.13,   662.00,   572.00
-75.7445451,  36.1843871,    -7.22,   674.00,   572.00
-75.7444184,  36.1844207,    -7.31,   686.00,   572.00
-75.7442916,  36.1844544,    -7.41,   698.00,   572.00
-75.7441648,  36.1844881,    -7.51,   710.00,   572.00
-75.7440381,  36.1845217,    -7.59,   722.00,   572.00
-75.7439113,  36.1845554,    -7.71,   734.00,   572.00
-75.7437845,  36.1845891,    -7.79,   746.00,   572.00
-75.7436577,  36.1846228,    -7.88,   758.00,   572.00
-75.7435310,  36.1846564,    -7.96,   770.00,   572.00
-75.7434042,  36.1846901,    -8.00,   782.00,   572.00
-75.7432774,  36.1847238,    -8.06,   794.00,   572.00
-75.7431507,  36.1847574,    -8.13,   806.00,   572.00
-75.7430239,  36.1847911,    -8.19,   818.00,   572.00
-75.7428971,  36.1848248,    -8.24,   830.00,   572.00
-75.7427704,  36.1848584,    -8.30,   842.00,   572.00
-75.7426436,  36.1848921,    -8.37,   854.00,   572.00
-75.7425168,  36.1849258,    -8.43,   866.00,   572.00
-75.7423900,  36.1849594,    -8.49,   878.00,   572.00
-75.7422633,  36.1849931,    -8.56,   890.00,   572.00
-75.7421365,  36.1850268,    -8.79,   902.00,   572.00
-75.7420097,  36.1850604,    -8.85,   914.00,   572.00
-75.7418830,  36.1850941,    -8.91,   926.00,   572.00
-75.7417562,  36.1851278,    -8.97,   938.00,   572.00
-75.7416294,  36.1851614,    -9.03,   950.00,   572.00
-75.7510934,  36.1828755,     2.54,    62.00,   596.00
-75.7509667,  36.1829092,     2.55,    74.00,   596.00
-75.7508399,  36.1829429,     2.33,    86.00,   596.00
-75.7507131,  36.1829765,     1.41,    98.00,   596.00
-75.7505863,  36.1830102,     0.10,   110.00,   596.00
-75.7504596,  36.1830439,    -0.98,   122.00,   596.00
-75.7503328,  36.1830775,    -1.42,   134.00,   596.00
-75.7502060,  36.1831112,    -1.63,   146.00,   596.00
-75.7500793,  36.1831449,    -1.67,   158.00,   596.00
-75.7499525,  36.1831786,    -1.74,   170.00,   596.00
-75.7498257,  36.1832122,    -1.75,   182.00,   596.00
-75.7496990,  36.1832459,    -1.75,   194.00,   596.00
-75.7495722,  36.1832796,    -1.85,   206.00,   596.00
-75.7494454,  36.1833132,    -1.78,   218.00,   596.00
-75.7493187,  36.1833469,    -2.35,   230.00,   596.00
-75.7491919,  36.1833806,    -2.32,   242.00,   596.00
-75.7490651,  36.1834142,    -2.20,   254.00,   596.00
-75.7489383,  36.1834479,    -3.00,   266.00,   596.00
-75.7488116,  36.1834816,    -3.42,   278.00,   596.00
-75.7486848,  36.1835152,    -3.70,   290.00,   596.00
-75.7485580,  36.1835489,    -3.89,   302.00,   596.00
-75.7484313,  36.1835826,    -3.99,   314.00,   596.00
-75.7483045,  36.1836162,    -4.01,   326.00,   596.00
-75.7481777,  36.1836499,    -4.02,   338.00,   596.00
-75.7480510,  36.1836836,    -4.04,   350.00,   596.00
-75.7479242,  36.1837172,    -4.09,   362.00,   596.00
-75.7477974,  36.1837509,    -4.17,   374.00,   596.00
-75.7476707,  36.1837846,    -4.28,   386.00,   596.00
-75.7475439,  36.1838182,    -4.43,   398.00,   596.00
-75.7474171,  36.1838519,    -4.65,   410.00,   596.00
-75.7472903,  36.1838856,    -4.88,   422.00,   596.00
-75.7471636,  36.1839193,    -4.87,   434.00,   596.00
-75.7470368,  36.1839529,    -4.94,   446.00,   596.00
-75.7469100,  36.1839866,    -5.10,   458.00,   596.00
-75.7467833,  36.1840203,    -5.33,   470.00,   596.00
-75.7466565,  36.1840539,    -5.42,   482.00,   596.00
-75.7465297,  36.1840876,    -5.55,   494.00,   596.00
-75.7464030,  36.1841213,    -5.70,   506.00,   596.00
-75.7462762,  36.1841549,    -5.85,   518.00,   596.00
-75.7461494,  36.1841886,    -5.99,   530.00,   596.00
-75.7460227,  36.1842223,    -6.10,   542.00,   596.00
-75.7458959,  36.1842559,    -6.23,   554.00,   596.00
-75.7457691,  36.1842896,    -6.31,   566.00,   596.00
-75.7456423,  36.1843233,    -6.42,   578.00,   596.00
-75.7455156,  36.1843569,    -6.54,   590.00,   596.00
-75.7453888,  36.1843906,    -6.65,   602.00,   596.00
-75.7452620,  36.1844243,    -6.75,   614.00,   596.00
-75.7451353,  36.1844579,    -6.86,   626.00,   596.00
-75.7450085,  36.1844916,    -6.98,   638.00,   596.00
-75.7448817,  36.1845253,    -7.07,   650.00,   596.00
-75.7447550,  36.1845589,    -7.17,   662.00,   596.00
-75.7446282,  36.1845926,    -7.27,   674.00,   596.00
-75.7445014,  36.1846263,    -7.35,   686.00,   596.00
-75.7443746,  36.1846600,    -7.43,   698.00,   596.00
-75.7442479,  36.1846936,    -7.51,   710.00,   596.00
-75.7441211,  36.1847273,    -7.59,   722.00,   596.00
-75.7439943,  36.1847610,    -7.67,   734.00,   596.00
-75.7438676,  36.1847946,    -7.73,   746.00,   596.00
-75.7437408,  36.1848283,    -7.81,   758.00,   596.00
-75.7436140,  36.1848620,    -7.93,   770.00,   596.00
-75.7434873,  36.1848956,    -8.01,   782.00,   596.00
-75.7433605,  36.1849293,    -8.06,   794.00,   596.00
-75.7432337,  36.1849630,    -8.15,   806.00,   596.00
-75.7431070,  36.1849966,    -8.23,   818.00,   596.00
-75.7429802,  36.1850303,    -8.29,   830.00,   596.00
-75.7428534,  36.1850640,    -8.36,   842.00,   596.00
-75.7427266,  36.1850976,    -8.43,   854.00,   596.00
-75.7425999,  36.1851313,    -8.50,   866.00,   596.00
-75.7424731,  36.1851650,    -8.57,   878.00,   596.00
-75.7423463,  36.1851986,    -8.64,   890.00,   596.00
-75.7422196,  36.1852323,    -8.72,   902.00,   596.00
-75.7420928,  36.1852660,    -8.78,   914.00,   596.00
-75.7419660,  36.1852996,    -8.85,   926.00,   596.00
-75.7418393,  36.1853333,    -8.91,   938.00,   596.00
-75.7417125,  36.1853670,    -8.96,   950.00,   596.00
-75.7511765,  36.1830811,     2.52,    62.00,   620.00
-75.7510497,  36.1831147,     2.51,    74.00,   620.00
-75.7509229,  36.1831484,     2.15,    86.00,   620.00
-75.7507962,  36.1831821,     1.43,    98.00,   620.00
-75.7506694,  36.1832158,     0.30,   110.00,   620.00
-75.7505426,  36.1832494,    -0.65,   122.00,   620.00
-75.7504159,  36.1832831,    -1.14,   134.00,   620.00
-75.7502891,  36.1833168,    -1.25,   146.00,   620.00
-75.7501623,  36.1833504,    -1.27,   158.00,   620.00
-75.7500356,  36.1833841,    -1.30,   170.00,   620.00
-75.7499088,  36.1834178,    -1.35,   182.00,   620.00
-75.7497820,  36.1834514,    -1.50,   194.00,   620.00
-75.7496553,  36.1834851,    -1.64,   206.00,   620.00
-75.7495285,  36.1835188,    -1.85,   218.00,   620.00
-75.7494017,  36.1835524,    -2.04,   230.00,   620.00
-75.7492749,  36.1835861,    -2.24,   242.00,   620.00
-75.7491482,  36.1836198,    -2.65,   254.00,   620.00
-75.7490214,  36.1836534,    -3.17,   266.00,   620.00
-75.7488946,  36.1836871,    -3.56,   278.00,   620.00
-75.7487679,  36.1837208,    -3.79,   290.00,   620.00
-75.7486411,  36.1837544,    -3.93,   302.00,   620.00
-75.7485143,  36.1837881,    -4.00,   314.00,   620.00
-75.7483876,  36.1838218,    -4.01,   326.00,   620.00
-75.7482608,  36.1838554,    -4.02,   338.00,   620.00
-75.7481340,  36.1838891,    -4.05,   350.00,   620.00
-75.7480073,  36.1839228,    -4.10,   362.00,   620.00
-75.7478805,  36.1839565,    -4.17,   374.00,   620.00
-75.7477537,  36.1839901,    -4.28,   386.00,   620.00
-75.7476269,  36.1840238,    -4.39,   398.00,   620.00
-75.7475002,  36.1840575,    -4.46,   410.00,   620.00
-75.7473734,  36.1840911,    -4.55,   422.00,   620.00
-75.7472466,  36.1841248,    -4.77,   434.00,   620.00
-75.7471199,  36.1841585,    -4.94,   446.00,   620.00
-75.7469931,  36.1841921,    -5.13,   458.00,   620.00
-75.7468663,  36.1842258,    -5.25,   470.00,   620.00
-75.7467396,  36.1842595,    -5.40,   482.00,   620.00
-75.7466128,  36.1842931,    -5.53,   494.00,   620.00
-75.7464860,  36.1843268,    -5.65,   506.00,   620.00
-75.7463593,  36.1843605,    -5.78,   518.00,   620.00
-75.7462325,  36.1843941,    -5.92,   530.00,   620.00
-75.7461057,  36.1844278,    -6.04,   542.00,   620.00
-75.7459789,  36.1844615,    -6.16,   554.00,   620.00
-75.7458522,  36.1844951,    -6.26,   566.00,   620.00
-75.7457254,  36.1845288,    -6.38,   578.00,   620.00
-75.7455986,  36.1845625,    -6.50,   590.00,   620.00
-75.7454719,  36.1845961,    -6.61,   602.00,   620.00
-75.7453451,  36.1846298,    -6.72,   614.00,   620.00
-75.7452183,  36.1846635,    -6.83,   626.00,   620.00
-75.7450916,  36.1846972,    -6.95,   638.00,   620.00
-75.7449648,  36.1847308,    -7.06,   650.00,   620.00
-75.7448380,  36.1847645,    -7.16,   662.00,   620.00
-75.7447112,  36.1847982,    -7.26,   674.00,   620.00
-75.7445845,  36.1848318,    -7.35,   686.00,   620.00
-75.7444577,  36.1848655,    -7.42,   698.00,   620.00
-75.7443309,  36.1848992,    -7.50,   710.00,   620.00
-75.7442042,  36.1849328,    -7.58,   722.00,   620.00
-75.7440774,  36.1849665,    -7.67,   734.00,   620.00
-75.7439506,  36.1850002,    -7.75,   746.00,   620.00
-75.7438239,  36.1850338,    -7.84,   758.00,   620.00
-75.7436971,  36.1850675,    -7.92,   770.00,   620.00
-75.7435703,  36.1851012,    -8.01,   782.00,   620.00
-75.7434436,  36.1851348,    -8.09,   794.00,   620.00
-75.7433168,  36.1851685,    -8.17,   806.00,   620.00
-75.7431900,  36.1852022,    -8.24,   818.00,   620.00
-75.7430632,  36.1852358,    -8.31,   830.00,   620.00
-75.7429365,  36.1852695,    -8.39,   842.00,   620.00
-75.7428097,  36.1853032,    -8.46,   854.00,   620.00
-75.7426829,  36.1853368,    -8.53,   866.00,   620.00
-75.7425562,  36.1853705,    -8.60,   878.00,   620.00
-75.7424294,  36.1854042,    -8.67,   890.00,   620.00
-75.7423026,  36.1854379,    -8.75,   902.00,   620.00
-75.7421759,  36.1854715,    -8.82,   914.00,   620.00
-75.7420491,  36.1855052,    -8.89,   926.00,   620.00
-75.7419223,  36.1855389,    -8.95,   938.00,   620.00
-75.7417956,  36.1855725,    -9.01,   950.00,   620.00
-75.7512595,  36.1832866,     2.51,    62.00,   644.00
-75.7511328,  36.1833203,     2.47,    74.00,   644.00
-75.7510060,  36.1833540,     2.32,    86.00,   644.00
-75.7508792,  36.1833876,     1.56,    98.00,   644.00
-75.7507525,  36.1834213,     0.47,   110.00,   644.00
-75.7506257,  36.1834550,    -0.59,   122.00,   644.00
-75.7504989,  36.1834886,    -1.20,   134.00,   644.00
-75.7503722,  36.1835223,    -0.93,   146.00,   644.00
-75.7502454,  36.1835560,    -0.94,   158.00,   644.00
-75.7501186,  36.1835896,    -0.95,   170.00,   644.00
-75.7499919,  36.1836233,    -1.11,   182.00,   644.00
-75.7498651,  36.1836570,    -1.32,   194.00,   644.00
-75.7497383,  36.1836906,    -1.56,   206.00,   644.00
-75.7496115,  36.1837243,    -1.75,   218.00,   644.00
-75.7494848,  36.1837580,    -1.89,   230.00,   644.00
-75.7493580,  36.1837916,    -2.16,   242.00,   644.00
-75.7492312,  36.1838253,    -2.88,   254.00,   644.00
-75.7491045,  36.1838590,    -3.38,   266.00,   644.00
-75.7489777,  36.1838926,    -3.71,   278.00,   644.00
-75.7488509,  36.1839263,    -3.88,   290.00,   644.00
-75.7487242,  36.1839600,    -3.97,   302.00,   644.00
-75.7485974,  36.1839937,    -4.01,   314.00,   644.00
-75.7484706,  36.1840273,    -4.02,   326.00,   644.00
-75.7483439,  36.1840610,    -4.02,   338.00,   644.00
-75.7482171,  36.1840947,    -4.05,   350.00,   644.00
-75.7480903,  36.1841283,    -4.09,   362.00,   644.00
-75.7479635,  36.1841620,    -4.17,   374.00,   644.00
-75.7478368,  36.1841957,    -4.27,   386.00,   644.00
-75.7477100,  36.1842293,    -4.45,   398.00,   644.00
-75.7475832,  36.1842630,    -4.66,   410.00,   644.00
-75.7474565,  36.1842967,    -4.70,   422.00,   644.00
-75.7473297,  36.1843303,    -4.78,   434.00,   644.00
-75.7472029,  36.1843640,    -4.95,   446.00,   644.00
-75.7470762,  36.1843977,    -5.03,   458.00,   644.00
-75.7469494,  36.1844313,    -5.17,   470.00,   644.00
-75.7468226,  36.1844650,    -5.32,   482.00,   644.00
-75.7466958,  36.1844987,    -5.46,   494.00,   644.00
-75.7465691,  36.1845323,    -5.61,   506.00,   644.00
-75.7464423,  36.1845660,    -5.73,   518.00,   644.00
-75.7463155,  36.1845997,    -5.85,   530.00,   644.00
-75.7461888,  36.1846333,    -5.98,   542.00,   644.00
-75.7460620,  36.1846670,    -6.08,   554.00,   644.00
-75.7459352,  36.1847007,    -6.20,   566.00,   644.00
-75.7458085,  36.1847344,    -6.30,   578.00,   644.00
-75.7456817,  36.1847680,    -6.46,   590.00,   644.00
-75.7455549,  36.1848017,    -6.56,   602.00,   644.00
-75.7454282,  36.1848354,    -6.68,   614.00,   644.00
-75.7453014,  36.1848690,    -6.79,   626.00,   644.00
-75.7451746,  36.1849027,    -6.92,   638.00,   644.00
-75.7450478,  36.1849364,    -7.02,   650.00,   644.00
-75.7449211,  36.1849700,    -7.13,   662.00,   644.00
-75.7447943,  36.1850037,    -7.24,   674.00,   644.00
-75.7446675,  36.1850374,    -7.33,   686.00,   644.00
-75.7445408,  36.1850710,    -7.41,   698.00,   644.00
-75.7444140,  36.1851047,    -7.50,   710.00,   644.00
-75.7442872,  36.1851384,    -7.61,   722.00,   644.00
-75.7441605,  36.1851720,    -7.65,   734.00,   644.00
-75.7440337,  36.1852057,    -7.79,   746.00,   644.00
-75.7439069,  36.1852394,    -7.87,   758.00,   644.00
-75.7437802,  36.1852730,    -7.96,   770.00,   644.00
-75.7436534,  36.1853067,    -8.04,   782.00,   644.00
-75.7435266,  36.1853404,    -8.12,   794.00,   644.00
-75.7433998,  36.1853740,    -8.17,   806.00,   644.00
-75.7432731,  36.1854077,    -8.28,   818.00,   644.00
-75.7431463,  36.1854414,    -8.36,   830.00,   644.00
-75.7430195,  36.1854751,    -8.43,   842.00,   644.00
-75.7428928,  36.1855087,    -8.49,   854.00,   644.00
-75.7427660,  36.1855424,    -8.58,   866.00,   644.00
-75.7426392,  36.1855761,    -8.62,   878.00,   644.00
-75.7425125,  36.1856097,    -8.70,   890.00,   644.00
-75.7423857,  36.1856434,    -8.76,   902.00,   644.00
-75.7422589,  36.1856771,    -8.89,   914.00,   644.00
-75.7421322,  36.1857107,    -8.92,   926.00,   644.00
-75.7420054,  36.1857444,    -9.01,   938.00,   644.00
-75.7418786,  36.1857781,    -9.04,   950.00,   644.00
-75.7513426,  36.1834922,     2.42,    62.00,   668.00
-75.7512158,  36.1835258,     2.38,    74.00,   668.00
-75.7510891,  36.1835595,     2.06,    86.00,   668.00
-75.7509623,  36.1835932,     1.35,    98.00,   668.00
-75.7508355,  36.1836268,     0.12,   110.00,   668.00
-75.7507088,  36.1836605,    -0.73,   122.00,   668.00
-75.7505820,  36.1836942,    -1.00,   134.00,   668.00
-75.7504552,  36.1837278,    -0.97,   146.00,   668.00
-75.7503285,  36.1837615,    -1.00,   158.00,   668.00
-75.7502017,  36.1837952,    -1.03,   170.00,   668.00
-75.7500749,  36.1838288,    -1.13,   182.00,   668.00
-75.7499481,  36.1838625,    -1.37,   194.00,   668.00
-75.7498214,  36.1838962,    -1.63,   206.00,   668.00
-75.7496946,  36.1839298,    -1.95,   218.00,   668.00
-75.7495678,  36.1839635,    -2.32,   230.00,   668.00
-75.7494411,  36.1839972,    -2.70,   242.00,   668.00
-75.7493143,  36.1840309,    -3.12,   254.00,   668.00
-75.7491875,  36.1840645,    -3.50,   266.00,   668.00
-75.7490608,  36.1840982,    -3.75,   278.00,   668.00
-75.7489340,  36.1841319,    -3.89,   290.00,   668.00
-75.7488072,  36.1841655,    -3.97,   302.00,   668.00
-75.7486804,  36.1841992,    -4.01,   314.00,   668.00
-75.7485537,  36.1842329,    -4.02,   326.00,   668.00
-75.7484269,  36.1842665,    -4.04,   338.00,   668.00
-75.7483001,  36.1843002,    -4.09,   350.00,   668.00
-75.7481734,  36.1843339,    -4.14,   362.00,   668.00
-75.7480466,  36.1843675,    -4.18,   374.00,   668.00
-75.7479198,  36.1844012,    -4.32,   386.00,   668.00
-75.7477931,  36.1844349,    -4.48,   398.00,   668.00
-75.7476663,  36.1844685,    -4.63,   410.00,   668.00
-75.7475395,  36.1845022,    -4.69,   422.00,   668.00
-75.7474128,  36.1845359,    -4.78,   434.00,   668.00
-75.7472860,  36.1845695,    -4.91,   446.00,   668.00
-75.7471592,  36.1846032,    -5.00,   458.00,   668.00
-75.7470324,  36.1846369,    -5.14,   470.00,   668.00
-75.7469057,  36.1846705,    -5.28,   482.00,   668.00
-75.7467789,  36.1847042,    -5.44,   494.00,   668.00
-75.7466521,  36.1847379,    -5.57,   506.00,   668.00
-75.7465254,  36.1847716,    -5.69,   518.00,   668.00
-75.7463986,  36.1848052,    -5.81,   530.00,   668.00
-75.7462718,  36.1848389,    -5.93,   542.00,   668.00
-75.7461451,  36.1848726,    -6.06,   554.00,   668.00
-75.7460183,  36.1849062,    -6.18,   566.00,   668.00
-75.7458915,  36.1849399,    -6.31,   578.00,   668.00
-75.7457648,  36.1849736,    -6.43,   590.00,   668.00
-75.7456380,  36.1850072,    -6.55,   602.00,   668.00
-75.7455112,  36.1850409,    -6.68,   614.00,   668.00
-75.7453844,  36.1850746,    -6.79,   626.00,   668.00
-75.7452577,  36.1851082,    -6.91,   638.00,   668.00
-75.7451309,  36.1851419,    -7.02,   650.00,   668.00
-75.7450041,  36.1851756,    -7.13,   662.00,   668.00
-75.7448774,  36.1852092,    -7.23,   674.00,   668.00
-75.7447506,  36.1852429,    -7.33,   686.00,   668.00
-75.7446238,  36.1852766,    -7.42,   698.00,   668.00
-75.7444971,  36.1853102,    -7.51,   710.00,   668.00
-75.7443703,  36.1853439,    -7.60,   722.00,   668.00
-75.7442435,  36.1853776,    -7.69,   734.00,   668.00
-75.7441168,  36.1854112,    -7.78,   746.00,   668.00
-75.7439900,  36.1854449,    -7.88,   758.00,   668.00
-75.7438632,  36.1854786,    -7.96,   770.00,   668.00
-75.7437364,  36.1855123,    -8.05,   782.00,   668.00
-75.7436097,  36.1855459,    -8.13,   794.00,   668.00
-75.7434829,  36.1855796,    -8.21,   806.00,   668.00
-75.7433561,  36.1856133,    -8.28,   818.00,   668.00
-75.7432294,  36.1856469,    -8.34,   830.00,   668.00
-75.7431026,  36.1856806,    -8.41,   842.00,   668.00
-75.7429758,  36.1857143,    -8.48,   854.00,   668.00
-75.7428491,  36.1857479,    -8.56,   866.00,   668.00
-75.7427223,  36.1857816,    -8.64,   878.00,   668.00
-75.7425955,  36.1858153,    -8.72,   890.00,   668.00
-75.7424688,  36.1858489,    -8.80,   902.00,   668.00
-75.7423420,  36.1858826,    -8.88,   914.00,   668.00
-75.7422152,  36.1859163,    -8.96,   926.00,   668.00
-75.7420884,  36.1859499,    -9.03,   938.00,   668.00
-75.7419617,  36.1859836,    -9.09,   950.00,   668.00
-75.7514257,  36.1836977,     2.28,    62.00,   692.00
-75.7512989,  36.1837314,     2.28,    74.00,   692.00
-75.7511721,  36.1837650,     2.11,    86.00,   692.00
-75.7510454,  36.1837987,     1.19,    98.00,   692.00
-75.7509186,  36.1838324,    -0.04,   110.00,   692.00
-75.7507918,  36.1838660,    -0.97,   122.00,   692.00
-75.7506651,  36.1838997,    -0.99,   134.00,   692.00
-75.7505383,  36.1839334,    -0.98,   146.00,   692.00
-75.7504115,  36.1839670,    -1.07,   158.00,   692.00
-75.7502847,  36.1840007,    -1.07,   170.00,   692.00
-75.7501580,  36.1840344,    -1.18,   182.00,   692.00
-75.7500312,  36.1840681,    -1.40,   194.00,   692.00
-75.7499044,  36.1841017,    -1.66,   206.00,   692.00
-75.7497777,  36.1841354,    -2.13,   218.00,   692.00
-75.7496509,  36.1841691,    -2.62,   230.00,   692.00
-75.7495241,  36.1842027,    -3.00,   242.00,   692.00
-75.7493974,  36.1842364,    -3.34,   254.00,   692.00
-75.7492706,  36.1842701,    -3.61,   266.00,   692.00
-75.7491438,  36.1843037,    -3.80,   278.00,   692.00
-75.7490170,  36.1843374,    -3.91,   290.00,   692.00
-75.7488903,  36.1843711,    -3.98,   302.00,   692.00
-75.7487635,  36.1844047,    -4.00,   314.00,   692.00
-75.7486367,  36.1844384,    -4.02,   326.00,   692.00
-75.7485100,  36.1844721,    -4.04,   338.00,   692.00
-75.7483832,  36.1845057,    -4.10,   350.00,   692.00
-75.7482564,  36.1845394,    -4.18,   362.00,   692.00
-75.7481297,  36.1845731,    -4.20,   374.00,   692.00
-75.7480029,  36.1846067,    -4.31,   386.00,   692.00
-75.7478761,  36.1846404,    -4.53,   398.00,   692.00
-75.7477494,  36.1846741,    -4.61,   410.00,   692.00
-75.7476226,  36.1847077,    -4.66,   422.00,   692.00
-75.7474958,  36.1847414,    -4.74,   434.00,   692.00
-75.7473690,  36.1847751,    -4.86,   446.00,   692.00
-75.7472423,  36.1848088,    -4.99,   458.00,   692.00
-75.7471155,  36.1848424,    -5.11,   470.00,   692.00
-75.7469887,  36.1848761,    -5.27,   482.00,   692.00
-75.7468620,  36.1849098,    -5.41,   494.00,   692.00
-75.7467352,  36.1849434,    -5.55,   506.00,   692.00
-75.7466084,  36.1849771,    -5.70,   518.00,   692.00
-75.7464817,  36.1850108,    -5.80,   530.00,   692.00
-75.7463549,  36.1850444,    -5.92,   542.00,   692.00
-75.7462281,  36.1850781,    -6.06,   554.00,   692.00
-75.7461014,  36.1851118,    -6.19,   566.00,   692.00
-75.7459746,  36.1851454,    -6.31,   578.00,   692.00
-75.7458478,  36.1851791,    -6.43,   590.00,   692.00
-75.7457210,  36.1852128,    -6.56,   602.00,   692.00
-75.7455943,  36.1852464,    -6.67,   614.00,   692.00
-75.7454675,  36.1852801,    -6.80,   626.00,   692.00
-75.7453407,  36.1853138,    -6.90,   638.00,   692.00
-75.7452140,  36.1853474,    -7.02,   650.00,   692.00
-75.7450872,  36.1853811,    -7.12,   662.00,   692.00
-75.7449604,  36.1854148,    -7.23,   674.00,   692.00
-75.7448337,  36.1854484,    -7.34,   686.00,   692.00
-75.7447069,  36.1854821,    -7.42,   698.00,   692.00
-75.7445801,  36.1855158,    -7.52,   710.00,   692.00
-75.7444534,  36.1855495,    -7.60,   722.00,   692.00
-75.7443266,  36.1855831,    -7.70,   734.00,   692.00
-75.7441998,  36.1856168,    -7.79,   746.00,   692.00
-75.7440730,  36.1856505,    -7.87,   758.00,   692.00
-75.7439463,  36.1856841,    -7.97,   770.00,   692.00
-75.7438195,  36.1857178,    -8.06,   782.00,   692.00
-75.7436927,  36.1857515,    -8.15,   794.00,   692.00
-75.7435660,  36.1857851,    -8.23,   806.00,   692.00
-75.7434392,  36.1858188,    -8.29,   818.00,   692.00
-75.7433124,  36.1858525,    -8.34,   830.00,   692.00
-75.7431857,  36.1858861,    -8.41,   842.00,   692.00
-75.7430589,  36.1859198,    -8.48,   854.00,   692.00
-75.7429321,  36.1859535,    -8.55,   866.00,   692.00
-75.7428054,  36.1859871,    -8.65,   878.00,   692.00
-75.7426786,  36.1860208,    -8.74,   890.00,   692.00
-75.7425518,  36.1860545,    -8.84,   902.00,   692.00
-75.7424250,  36.1860881,    -8.92,   914.00,   692.00
-75.7422983,  36.1861218,    -9.00,   926.00,   692.00
-75.7421715,  36.1861555,    -9.07,   938.00,   692.00
-75.7420447,  36.1861891,    -9.15,   950.00,   692.00
-75.7515087,  36.1839032,     2.21,    62.00,   716.00
-75.7513820,  36.1839369,     2.12,    74.00,   716.00
-75.7512552,  36.1839706,     1.83,    86.00,   716.00
-75.7511284,  36.1840042,     0.97,    98.00,   716.00
-75.7510016,  36.1840379,    -0.35,   110.00,   716.00
-75.7508749,  36.1840716,    -0.88,   122.00,   716.00
-75.7507481,  36.1841053,    -1.00,   134.00,   716.00
-75.7506213,  36.1841389,    -1.05,   146.00,   716.00
-75.7504946,  36.1841726,    -1.18,   158.00,   716.00
-75.7503678,  36.1842063,    -1.27,   170.00,   716.00
-75.7502410,  36.1842399,    -1.31,   182.00,   716.00
-75.7501143,  36.1842736,    -1.50,   194.00,   716.00
-75.7499875,  36.1843073,    -1.85,   206.00,   716.00
-75.7498607,  36.1843409,    -2.30,   218.00,   716.00
-75.7497340,  36.1843746,    -2.74,   230.00,   716.00
-75.7496072,  36.1844083,    -3.10,   242.00,   716.00
-75.7494804,  36.1844419,    -3.41,   254.00,   716.00
-75.7493536,  36.1844756,    -3.65,   266.00,   716.00
-75.7492269,  36.1845093,    -3.81,   278.00,   716.00
-75.7491001,  36.1845429,    -3.92,   290.00,   716.00
-75.7489733,  36.1845766,    -3.98,   302.00,   716.00
-75.7488466,  36.1846103,    -4.00,   314.00,   716.00
-75.7487198,  36.1846439,    -4.02,   326.00,   716.00
-75.7485930,  36.1846776,    -4.04,   338.00,   716.00
-75.7484663,  36.1847113,    -4.10,   350.00,   716.00
-75.7483395,  36.1847449,    -4.16,   362.00,   716.00
-75.7482127,  36.1847786,    -4.23,   374.00,   716.00
-75.7480860,  36.1848123,    -4.34,   386.00,   716.00
-75.7479592,  36.1848460,    -4.47,   398.00,   716.00
-75.7478324,  36.1848796,    -4.60,   410.00,   716.00
-75.7477056,  36.1849133,    -4.65,   422.00,   716.00
-75.7475789,  36.1849470,    -4.73,   434.00,   716.00
-75.7474521,  36.1849806,    -4.93,   446.00,   716.00
-75.7473253,  36.1850143,    -5.04,   458.00,   716.00
-75.7471986,  36.1850480,    -5.10,   470.00,   716.00
-75.7470718,  36.1850816,    -5.28,   482.00,   716.00
-75.7469450,  36.1851153,    -5.42,   494.00,   716.00
-75.7468183,  36.1851490,    -5.56,   506.00,   716.00
-75.7466915,  36.1851826,    -5.70,   518.00,   716.00
-75.7465647,  36.1852163,    -5.83,   530.00,   716.00
-75.7464380,  36.1852500,    -5.96,   542.00,   716.00
-75.7463112,  36.1852836,    -6.08,   554.00,   716.00
-75.7461844,  36.1853173,    -6.21,   566.00,   716.00
-75.7460576,  36.1853510,    -6.33,   578.00,   716.00
-75.7459309,  36.1853846,    -6.45,   590.00,   716.00
-75.7458041,  36.1854183,    -6.58,   602.00,   716.00
-75.7456773,  36.1854520,    -6.69,   614.00,   716.00
-75.7455506,  36.1854856,    -6.81,   626.00,   716.00
-75.7454238,  36.1855193,    -6.92,   638.00,   716.00
-75.7452970,  36.1855530,    -7.03,   650.00,   716.00
-75.7451703,  36.1855867,    -7.14,   662.00,   716.00
-75.7450435,  36.1856203,    -7.23,   674.00,   716.00
-75.7449167,  36.1856540,    -7.33,   686.00,   716.00
-75.7447900,  36.1856877,    -7.42,   698.00,   716.00
-75.7446632,  36.1857213,    -7.51,   710.00,   716.00
-75.7445364,  36.1857550,    -7.60,   722.00,   716.00
-75.7444096,  36.1857887,    -7.70,   734.00,   716.00
-75.7442829,  36.1858223,    -7.79,   746.00,   716.00
-75.7441561,  36.1858560,    -7.88,   758.00,   716.00
-75.7440293,  36.1858897,    -7.97,   770.00,   716.00
-75.7439026,  36.1859233,    -8.05,   782.00,   716.00
-75.7437758,  36.1859570,    -8.14,   794.00,   716.00
-75.7436490,  36.1859907,    -8.22,   806.00,   716.00
-75.7435223,  36.1860243,    -8.30,   818.00,   716.00
-75.7433955,  36.1860580,    -8.37,   830.00,   716.00
-75.7432687,  36.1860917,    -8.44,   842.00,   716.00
-75.7431420,  36.1861253,    -8.52,   854.00,   716.00
-75.7430152,  36.1861590,    -8.59,   866.00,   716.00
-75.7428884,  36.1861927,    -8.67,   878.00,   716.00
-75.7427616,  36.1862263,    -8.76,   890.00,   716.00
-75.7426349,  36.1862600,    -8.85,   902.00,   716.00
-75.7425081,  36.1862937,    -8.95,   914.00,   716.00
-75.7423813,  36.1863273,    -9.04,   926.00,   716.00
-75.7422546,  36.1863610,    -9.14,   938.00,   716.00
-75.7421278,  36.1863947,    -9.22,   950.00,   716.00
-75.7515918,  36.1841088,     2.28,    62.00,   740.00
-75.7514650,  36.1841425,     2.24,    74.00,   740.00
-75.7513382,  36.1841761,     1.81,    86.00,   740.00
-75.7512115,  36.1842098,     0.80,    98.00,   740.00
-75.7510847,  36.1842435,    -0.40,   110.00,   740.00
-75.7509579,  36.1842771,    -0.96,   122.00,   740.00
-75.7508312,  36.1843108,    -0.98,   134.00,   740.00
-75.7507044,  36.1843445,    -1.01,   146.00,   740.00
-75.7505776,  36.1843781,    -1.26,   158.00,   740.00
-75.7504509,  36.1844118,    -1.39,   170.00,   740.00
-75.7503241,  36.1844455,    -1.38,   182.00,   740.00
-75.7501973,  36.1844791,    -1.56,   194.00,   740.00
-75.7500706,  36.1845128,    -1.94,   206.00,   740.00
-75.7499438,  36.1845465,    -2.37,   218.00,   740.00
-75.7498170,  36.1845801,    -2.82,   230.00,   740.00
-75.7496902,  36.1846138,    -3.19,   242.00,   740.00
-75.7495635,  36.1846475,    -3.47,   254.00,   740.00
-75.7494367,  36.1846811,    -3.68,   266.00,   740.00
-75.7493099,  36.1847148,    -3.84,   278.00,   740.00
-75.7491832,  36.1847485,    -3.94,   290.00,   740.00
-75.7490564,  36.1847821,    -3.98,   302.00,   740.00
-75.7489296,  36.1848158,    -4.00,   314.00,   740.00
-75.7488029,  36.1848495,    -4.03,   326.00,   740.00
-75.7486761,  36.1848832,    -4.05,   338.00,   740.00
-75.7485493,  36.1849168,    -4.10,   350.00,   740.00
-75.7484226,  36.1849505,    -4.16,   362.00,   740.00
-75.7482958,  36.1849842,    -4.25,   374.00,   740.00
-75.7481690,  36.1850178,    -4.35,   386.00,   740.00
-75.7480422,  36.1850515,    -4.44,   398.00,   740.00
-75.7479155,  36.1850852,    -4.53,   410.00,   740.00
-75.7477887,  36.1851188,    -4.70,   422.00,   740.00
-75.7476619,  36.1851525,    -4.82,   434.00,   740.00
-75.7475352,  36.1851862,    -4.88,   446.00,   740.00
-75.7474084,  36.1852198,    -4.96,   458.00,   740.00
-75.7472816,  36.1852535,    -5.11,   470.00,   740.00
-75.7471549,  36.1852872,    -5.27,   482.00,   740.00
-75.7470281,  36.1853208,    -5.42,   494.00,   740.00
-75.7469013,  36.1853545,    -5.57,   506.00,   740.00
-75.7467746,  36.1853882,    -5.74,   518.00,   740.00
-75.7466478,  36.1854218,    -5.85,   530.00,   740.00
-75.7465210,  36.1854555,    -5.99,   542.00,   740.00
-75.7463942,  36.1854892,    -6.09,   554.00,   740.00
-75.7462675,  36.1855228,    -6.21,   566.00,   740.00
-75.7461407,  36.1855565,    -6.35,   578.00,   740.00
-75.7460139,  36.1855902,    -6.46,   590.00,   740.00
-75.7458872,  36.1856239,    -6.60,   602.00,   740.00
-75.7457604,  36.1856575,    -6.71,   614.00,   740.00
-75.7456336,  36.1856912,    -6.82,   626.00,   740.00
-75.7455069,  36.1857249,    -6.93,   638.00,   740.00
-75.7453801,  36.1857585,    -7.05,   650.00,   740.00
-75.7452533,  36.1857922,    -7.15,   662.00,   740.00
-75.7451266,  36.1858259,    -7.23,   674.00,   740.00
-75.7449998,  36.1858595,    -7.35,   686.00,   740.00
-75.7448730,  36.1858932,    -7.42,   698.00,   740.00
-75.7447462,  36.1859269,    -7.51,   710.00,   740.00
-75.7446195,  36.1859605,    -7.63,   722.00,   740.00
-75.7444927,  36.1859942,    -7.71,   734.00,   740.00
-75.7443659,  36.1860279,    -7.82,   746.00,   740.00
-75.7442392,  36.1860615,    -7.90,   758.00,   740.00
-75.7441124,  36.1860952,    -7.98,   770.00,   740.00
-75.7439856,  36.1861289,    -8.05,   782.00,   740.00
-75.7438589,  36.1861625,    -8.14,   794.00,   740.00
-75.7437321,  36.1861962,    -8.23,   806.00,   740.00
-75.7436053,  36.1862299,    -8.31,   818.00,   740.00
-75.7434786,  36.1862635,    -8.39,   830.00,   740.00
-75.7433518,  36.1862972,    -8.47,   842.00,   740.00
-75.7432250,  36.1863309,    -8.57,   854.00,   740.00
-75.7430982,  36.1863645,    -8.65,   866.00,   740.00
-75.7429715,  36.1863982,    -8.72,   878.00,   740.00
-75.7428447,  36.1864319,    -8.78,   890.00,   740.00
-75.7427179,  36.1864656,    -8.87,   902.00,   740.00
-75.7425912,  36.1864992,    -8.96,   914.00,   740.00
-75.7424644,  36.1865329,    -9.08,   926.00,   740.00
-75.7423376,  36.1865666,    -9.18,   938.00,   740.00
-75.7422109,  36.1866002,    -9.27,   950.00,   740.00
-75.7516748,  36.1843143,     2.39,    62.00,   764.00
-75.7515481,  36.1843480,     2.34,    74.00,   764.00
-75.7514213,  36.1843817,     1.85,    86.00,   764.00
-75.7512945,  36.1844153,     0.80,    98.00,   764.00
-75.7511678,  36.1844490,    -0.43,   110.00,   764.00
-75.7510410,  36.1844827,    -0.99,   122.00,   764.00
-75.7509142,  36.1845163,    -1.02,   134.00,   764.00
-75.7507875,  36.1845500,    -1.05,   146.00,   764.00
-75.7506607,  36.1845837,    -1.24,   158.00,   764.00
-75.7505339,  36.1846173,    -1.40,   170.00,   764.00
-75.7504072,  36.1846510,    -1.45,   182.00,   764.00
-75.7502804,  36.1846847,    -1.58,   194.00,   764.00
-75.7501536,  36.1847183,    -1.94,   206.00,   764.00
-75.7500268,  36.1847520,    -2.36,   218.00,   764.00
-75.7499001,  36.1847857,    -2.82,   230.00,   764.00
-75.7497733,  36.1848193,    -3.20,   242.00,   764.00
-75.7496465,  36.1848530,    -3.49,   254.00,   764.00
-75.7495198,  36.1848867,    -3.71,   266.00,   764.00
-75.7493930,  36.1849204,    -3.86,   278.00,   764.00
-75.7492662,  36.1849540,    -3.95,   290.00,   764.00
-75.7491395,  36.1849877,    -3.98,   302.00,   764.00
-75.7490127,  36.1850214,    -4.00,   314.00,   764.00
-75.7488859,  36.1850550,    -4.03,   326.00,   764.00
-75.7487592,  36.1850887,    -4.05,   338.00,   764.00
-75.7486324,  36.1851224,    -4.10,   350.00,   764.00
-75.7485056,  36.1851560,    -4.17,   362.00,   764.00
-75.7483788,  36.1851897,    -4.24,   374.00,   764.00
-75.7482521,  36.1852234,    -4.36,   386.00,   764.00
-75.7481253,  36.1852570,    -4.47,   398.00,   764.00
-75.7479985,  36.1852907,    -4.54,   410.00,   764.00
-75.7478718,  36.1853244,    -4.65,   422.00,   764.00
-75.7477450,  36.1853580,    -4.79,   434.00,   764.00
-75.7476182,  36.1853917,    -4.89,   446.00,   764.00
-75.7474915,  36.1854254,    -5.00,   458.00,   764.00
-75.7473647,  36.1854590,    -5.13,   470.00,   764.00
-75.7472379,  36.1854927,    -5.29,   482.00,   764.00
-75.7471112,  36.1855264,    -5.45,   494.00,   764.00
-75.7469844,  36.1855600,    -5.58,   506.00,   764.00
-75.7468576,  36.1855937,    -5.71,   518.00,   764.00
-75.7467308,  36.1856274,    -5.84,   530.00,   764.00
-75.7466041,  36.1856611,    -5.97,   542.00,   764.00
-75.7464773,  36.1856947,    -6.09,   554.00,   764.00
-75.7463505,  36.1857284,    -6.22,   566.00,   764.00
-75.7462238,  36.1857621,    -6.35,   578.00,   764.00
-75.7460970,  36.1857957,    -6.48,   590.00,   764.00
-75.7459702,  36.1858294,    -6.60,   602.00,   764.00
-75.7458435,  36.1858631,    -6.72,   614.00,   764.00
-75.7457167,  36.1858967,    -6.84,   626.00,   764.00
-75.7455899,  36.1859304,    -6.95,   638.00,   764.00
-75.7454632,  36.1859641,    -7.05,   650.00,   764.00
-75.7453364,  36.1859977,    -7.15,   662.00,   764.00
-75.7452096,  36.1860314,    -7.24,   674.00,   764.00
-75.7450828,  36.1860651,    -7.34,   686.00,   764.00
-75.7449561,  36.1860987,    -7.44,   698.00,   764.00
-75.7448293,  36.1861324,    -7.53,   710.00,   764.00
-75.7447025,  36.1861661,    -7.63,   722.00,   764.00
-75.7445758,  36.1861997,    -7.72,   734.00,   764.00
-75.7444490,  36.1862334,    -7.81,   746.00,   764.00
-75.7443222,  36.1862671,    -7.90,   758.00,   764.00
-75.7441955,  36.1863007,    -7.98,   770.00,   764.00
-75.7440687,  36.1863344,    -8.07,   782.00,   764.00
-75.7439419,  36.1863681,    -8.13,   794.00,   764.00
-75.7438152,  36.1864017,    -8.22,   806.00,   764.00
-75.7436884,  36.1864354,    -8.35,   818.00,   764.00
-75.7435616,  36.1864691,    -8.44,   830.00,   764.00
-75.7434348,  36.1865028,    -8.52,   842.00,   764.00
-75.7433081,  36.1865364,    -8.62,   854.00,   764.00
-75.7431813,  36.1865701,    -8.70,   866.00,   764.00
-75.7430545,  36.1866038,    -8.77,   878.00,   764.00
-75.7429278,  36.1866374,    -8.85,   890.00,   764.00
-75.7428010,  36.1866711,    -8.92,   902.00,   764.00
-75.7426742,  36.1867048,    -9.01,   914.00,   764.00
-75.7425475,  36.1867384,    -9.10,   926.00,   764.00
-75.7424207,  36.1867721,    -9.18,   938.00,   764.00
-75.7422939,  36.1868058,    -9.27,   950.00,   764.00
-75.7517579,  36.1845199,     2.44,    62.00,   788.00
-75.7516311,  36.1845535,     2.30,    74.00,   788.00
-75.7515044,  36.1845872,     1.80,    86.00,   788.00
-75.7513776,  36.1846209,     0.79,    98.00,   788.00
-75.7512508,  36.1846545,    -0.45,   110.00,   788.00
-75.7511241,  36.1846882,    -1.01,   122.00,   788.00
-75.7509973,  36.1847219,    -1.04,   134.00,   788.00
-75.7508705,  36.1847555,    -1.04,   146.00,   788.00
-75.7507438,  36.1847892,    -1.21,   158.00,   788.00
-75.7506170,  36.1848229,    -1.48,   170.00,   788.00
-75.7504902,  36.1848565,    -1.49,   182.00,   788.00
-75.7503634,  36.1848902,    -1.60,   194.00,   788.00
-75.7502367,  36.1849239,    -1.93,   206.00,   788.00
-75.7501099,  36.1849576,    -2.35,   218.00,   788.00
-75.7499831,  36.1849912,    -2.80,   230.00,   788.00
-75.7498564,  36.1850249,    -3.20,   242.00,   788.00
-75.7497296,  36.1850586,    -3.50,   254.00,   788.00
-75.7496028,  36.1850922,    -3.72,   266.00,   788.00
-75.7494761,  36.1851259,    -3.87,   278.00,   788.00
-75.7493493,  36.1851596,    -3.95,   290.00,   788.00
-75.7492225,  36.1851932,    -3.99,   302.00,   788.00
-75.7490958,  36.1852269,    -4.01,   314.00,   788.00
-75.7489690,  36.1852606,    -4.02,   326.00,   788.00
-75.7488422,  36.1852942,    -4.05,   338.00,   788.00
-75.7487154,  36.1853279,    -4.10,   350.00,   788.00
-75.7485887,  36.1853616,    -4.16,   362.00,   788.00
-75.7484619,  36.1853952,    -4.25,   374.00,   788.00
-75.7483351,  36.1854289,    -4.34,   386.00,   788.00
-75.7482084,  36.1854626,    -4.45,   398.00,   788.00
-75.7480816,  36.1854962,    -4.54,   410.00,   788.00
-75.7479548,  36.1855299,    -4.63,   422.00,   788.00
-75.7478281,  36.1855636,    -4.75,   434.00,   788.00
-75.7477013,  36.1855972,    -4.87,   446.00,   788.00
-75.7475745,  36.1856309,    -4.98,   458.00,   788.00
-75.7474478,  36.1856646,    -5.16,   470.00,   788.00
-75.7473210,  36.1856983,    -5.31,   482.00,   788.00
-75.7471942,  36.1857319,    -5.46,   494.00,   788.00
-75.7470674,  36.1857656,    -5.61,   506.00,   788.00
-75.7469407,  36.1857993,    -5.75,   518.00,   788.00
-75.7468139,  36.1858329,    -5.89,   530.00,   788.00
-75.7466871,  36.1858666,    -5.99,   542.00,   788.00
-75.7465604,  36.1859003,    -6.09,   554.00,   788.00
-75.7464336,  36.1859339,    -6.23,   566.00,   788.00
-75.7463068,  36.1859676,    -6.35,   578.00,   788.00
-75.7461801,  36.1860013,    -6.48,   590.00,   788.00
-75.7460533,  36.1860349,    -6.60,   602.00,   788.00
-75.7459265,  36.1860686,    -6.72,   614.00,   788.00
-75.7457998,  36.1861023,    -6.85,   626.00,   788.00
-75.7456730,  36.1861359,    -6.96,   638.00,   788.00
-75.7455462,  36.1861696,    -7.06,   650.00,   788.00
-75.7454194,  36.1862033,    -7.16,   662.00,   788.00
-75.7452927,  36.1862369,    -7.25,   674.00,   788.00
-75.7451659,  36.1862706,    -7.35,   686.00,   788.00
-75.7450391,  36.1863043,    -7.45,   698.00,   788.00
-75.7449124,  36.1863379,    -7.55,   710.00,   788.00
-75.7447856,  36.1863716,    -7.63,   722.00,   788.00
-75.7446588,  36.1864053,    -7.72,   734.00,   788.00
-75.7445321,  36.1864389,    -7.81,   746.00,   788.00
-75.7444053,  36.1864726,    -7.90,   758.00,   788.00
-75.7442785,  36.1865063,    -7.99,   770.00,   788.00
-75.7441518,  36.1865400,    -8.08,   782.00,   788.00
-75.7440250,  36.1865736,    -8.17,   794.00,   788.00
-75.7438982,  36.1866073,    -8.27,   806.00,   788.00
-75.7437714,  36.1866410,    -8.38,   818.00,   788.00
-75.7436447,  36.1866746,    -8.49,   830.00,   788.00
-75.7435179,  36.1867083,    -8.56,   842.00,   788.00
-75.7433911,  36.1867420,    -8.63,   854.00,   788.00
-75.7432644,  36.1867756,    -8.71,   866.00,   788.00
-75.7431376,  36.1868093,    -8.78,   878.00,   788.00
-75.7430108,  36.1868430,    -8.84,   890.00,   788.00
-75.7428841,  36.1868766,    -8.90,   902.00,   788.00
-75.7427573,  36.1869103,    -8.97,   914.00,   788.00
-75.7426305,  36.1869440,    -9.05,   926.00,   788.00
-75.7425037,  36.1869776,    -9.15,   938.00,   788.00
-75.7423770,  36.1870113,    -9.25,   950.00,   788.00
-75.7518410,  36.1847254,     2.54,    62.00,   812.00
-75.7517142,  36.1847591,     2.29,    74.00,   812.00
-75.7515874,  36.1847927,     1.82,    86.00,   812.00
-75.7514607,  36.1848264,     0.93,    98.00,   812.00
-75.7513339,  36.1848601,    -0.29,   110.00,   812.00
-75.7512071,  36.1848937,    -0.92,   122.00,   812.00
-75.7510804,  36.1849274,    -0.95,   134.00,   812.00
-75.7509536,  36.1849611,    -0.98,   146.00,   812.00
-75.7508268,  36.1849948,    -1.22,   158.00,   812.00
-75.7507000,  36.1850284,    -1.61,   170.00,   812.00
-75.7505733,  36.1850621,    -1.69,   182.00,   812.00
-75.7504465,  36.1850958,    -1.61,   194.00,   812.00
-75.7503197,  36.1851294,    -1.86,   206.00,   812.00
-75.7501930,  36.1851631,    -2.25,   218.00,   812.00
-75.7500662,  36.1851968,    -2.69,   230.00,   812.00
-75.7499394,  36.1852304,    -3.13,   242.00,   812.00
-75.7498127,  36.1852641,    -3.45,   254.00,   812.00
-75.7496859,  36.1852978,    -3.70,   266.00,   812.00
-75.7495591,  36.1853314,    -3.86,   278.00,   812.00
-75.7494324,  36.1853651,    -3.94,   290.00,   812.00
-75.7493056,  36.1853988,    -3.98,   302.00,   812.00
-75.7491788,  36.1854324,    -4.00,   314.00,   812.00
-75.7490520,  36.1854661,    -4.02,   326.00,   812.00
-75.7489253,  36.1854998,    -4.05,   338.00,   812.00
-75.7487985,  36.1855334,    -4.10,   350.00,   812.00
-75.7486717,  36.1855671,    -4.17,   362.00,   812.00
-75.7485450,  36.1856008,    -4.24,   374.00,   812.00
-75.7484182,  36.1856344,    -4.33,   386.00,   812.00
-75.7482914,  36.1856681,    -4.42,   398.00,   812.00
-75.7481647,  36.1857018,    -4.52,   410.00,   812.00
-75.7480379,  36.1857355,    -4.64,   422.00,   812.00
-75.7479111,  36.1857691,    -4.76,   434.00,   812.00
-75.7477844,  36.1858028,    -4.90,   446.00,   812.00
-75.7476576,  36.1858365,    -5.03,   458.00,   812.00
-75.7475308,  36.1858701,    -5.19,   470.00,   812.00
-75.7474040,  36.1859038,    -5.34,   482.00,   812.00
-75.7472773,  36.1859375,    -5.48,   494.00,   812.00
-75.7471505,  36.1859711,    -5.61,   506.00,   812.00
-75.7470237,  36.1860048,    -5.75,   518.00,   812.00
-75.7468970,  36.1860385,    -5.87,   530.00,   812.00
-75.7467702,  36.1860721,    -5.99,   542.00,   812.00
-75.7466434,  36.1861058,    -6.11,   554.00,   812.00
-75.7465167,  36.1861395,    -6.23,   566.00,   812.00
-75.7463899,  36.1861731,    -6.34,   578.00,   812.00
-75.7462631,  36.1862068,    -6.46,   590.00,   812.00
-75.7461364,  36.1862405,    -6.60,   602.00,   812.00
-75.7460096,  36.1862741,    -6.73,   614.00,   812.00
-75.7458828,  36.1863078,    -6.85,   626.00,   812.00
-75.7457560,  36.1863415,    -6.96,   638.00,   812.00
-75.7456293,  36.1863751,    -7.07,   650.00,   812.00
-75.7455025,  36.1864088,    -7.18,   662.00,   812.00
-75.7453757,  36.1864425,    -7.28,   674.00,   812.00
-75.7452490,  36.1864761,    -7.37,   686.00,   812.00
-75.7451222,  36.1865098,    -7.47,   698.00,   812.00
-75.7449954,  36.1865435,    -7.56,   710.00,   812.00
-75.7448687,  36.1865772,    -7.64,   722.00,   812.00
-75.7447419,  36.1866108,    -7.73,   734.00,   812.00
-75.7446151,  36.1866445,    -7.81,   746.00,   812.00
-75.7444883,  36.1866782,    -7.90,   758.00,   812.00
-75.7443616,  36.1867118,    -7.98,   770.00,   812.00
-75.7442348,  36.1867455,    -8.07,   782.00,   812.00
-75.7441080,  36.1867792,    -8.16,   794.00,   812.00
-75.7439813,  36.1868128,    -8.26,   806.00,   812.00
-75.7438545,  36.1868465,    -8.36,   818.00,   812.00
-75.7437277,  36.1868802,    -8.46,   830.00,   812.00
-75.7436010,  36.1869138,    -8.54,   842.00,   812.00
-75.7434742,  36.1869475,    -8.63,   854.00,   812.00
-75.7433474,  36.1869812,    -8.71,   866.00,   812.00
-75.7432207,  36.1870148,    -8.78,   878.00,   812.00
-75.7430939,  36.1870485,    -8.82,   890.00,   812.00
-75.7429671,  36.1870822,    -8.89,   902.00,   812.00
-75.7428403,  36.1871158,    -8.95,   914.00,   812.00
-75.7427136,  36.1871495,    -9.03,   926.00,   812.00
-75.7425868,  36.1871832,    -9.11,   938.00,   812.00
-75.7424600,  36.1872168,    -9.20,   950.00,   812.00
-75.7519240,  36.1849309,     2.50,    62.00,   836.00
-75.7517973,  36.1849646,     2.18,    74.00,   836.00
-75.7516705,  36.1849983,     1.75,    86.00,   836.00
-75.7515437,  36.1850320,     1.00,    98.00,   836.00
-75.7514170,  36.1850656,    -0.35,   110.00,   836.00
-75.7512902,  36.1850993,    -0.86,   122.00,   836.00
-75.7511634,  36.1851330,    -0.87,   134.00,   836.00
-75.7510366,  36.1851666,    -0.92,   146.00,   836.00
-75.7509099,  36.1852003,    -1.18,   158.00,   836.00
-75.7507831,  36.1852340,    -1.61,   170.00,   836.00
-75.7506563,  36.1852676,    -1.70,   182.00,   836.00
-75.7505296,  36.1853013,    -1.62,   194.00,   836.00
-75.7504028,  36.1853350,    -1.80,   206.00,   836.00
-75.7502760,  36.1853686,    -2.18,   218.00,   836.00
-75.7501493,  36.1854023,    -2.62,   230.00,   836.00
-75.7500225,  36.1854360,    -3.04,   242.00,   836.00
-75.7498957,  36.1854696,    -3.39,   254.00,   836.00
-75.7497690,  36.1855033,    -3.66,   266.00,   836.00
-75.7496422,  36.1855370,    -3.83,   278.00,   836.00
-75.7495154,  36.1855706,    -3.93,   290.00,   836.00
-75.7493886,  36.1856043,    -3.97,   302.00,   836.00
-75.7492619,  36.1856380,    -3.99,   314.00,   836.00
-75.7491351,  36.1856716,    -4.01,   326.00,   836.00
-75.7490083,  36.1857053,    -4.05,   338.00,   836.00
-75.7488816,  36.1857390,    -4.10,   350.00,   836.00
-75.7487548,  36.1857727,    -4.17,   362.00,   836.00
-75.7486280,  36.1858063,    -4.25,   374.00,   836.00
-75.7485013,  36.1858400,    -4.34,   386.00,   836.00
-75.7483745,  36.1858737,    -4.44,   398.00,   836.00
-75.7482477,  36.1859073,    -4.54,   410.00,   836.00
-75.7481210,  36.1859410,    -4.65,   422.00,   836.00
-75.7479942,  36.1859747,    -4.77,   434.00,   836.00
-75.7478674,  36.1860083,    -4.92,   446.00,   836.00
-75.7477406,  36.1860420,    -5.06,   458.00,   836.00
-75.7476139,  36.1860757,    -5.18,   470.00,   836.00
-75.7474871,  36.1861093,    -5.33,   482.00,   836.00
-75.7473603,  36.1861430,    -5.47,   494.00,   836.00
-75.7472336,  36.1861767,    -5.60,   506.00,   836.00
-75.7471068,  36.1862103,    -5.72,   518.00,   836.00
-75.7469800,  36.1862440,    -5.87,   530.00,   836.00
-75.7468533,  36.1862777,    -6.00,   542.00,   836.00
-75.7467265,  36.1863113,    -6.13,   554.00,   836.00
-75.7465997,  36.1863450,    -6.27,   566.00,   836.00
-75.7464729,  36.1863787,    -6.39,   578.00,   836.00
-75.7463462,  36.1864123,    -6.51,   590.00,   836.00
-75.7462194,  36.1864460,    -6.63,   602.00,   836.00
-75.7460926,  36.1864797,    -6.74,   614.00,   836.00
-75.7459659,  36.1865133,    -6.85,   626.00,   836.00
-75.7458391,  36.1865470,    -6.96,   638.00,   836.00
-75.7457123,  36.1865807,    -7.08,   650.00,   836.00
-75.7455856,  36.1866144,    -7.19,   662.00,   836.00
-75.7454588,  36.1866480,    -7.29,   674.00,   836.00
-75.7453320,  36.1866817,    -7.38,   686.00,   836.00
-75.7452053,  36.1867154,    -7.47,   698.00,   836.00
-75.7450785,  36.1867490,    -7.56,   710.00,   836.00
-75.7449517,  36.1867827,    -7.64,   722.00,   836.00
-75.7448249,  36.1868164,    -7.73,   734.00,   836.00
-75.7446982,  36.1868500,    -7.80,   746.00,   836.00
-75.7445714,  36.1868837,    -7.89,   758.00,   836.00
-75.7444446,  36.1869174,    -7.98,   770.00,   836.00
-75.7443179,  36.1869510,    -8.06,   782.00,   836.00
-75.7441911,  36.1869847,    -8.15,   794.00,   836.00
-75.7440643,  36.1870184,    -8.25,   806.00,   836.00
-75.7439376,  36.1870520,    -8.34,   818.00,   836.00
-75.7438108,  36.1870857,    -8.42,   830.00,   836.00
-75.7436840,  36.1871194,    -8.49,   842.00,   836.00
-75.7435573,  36.1871530,    -8.56,   854.00,   836.00
-75.7434305,  36.1871867,    -8.64,   866.00,   836.00
-75.7433037,  36.1872204,    -8.71,   878.00,   836.00
-75.7431769,  36.1872540,    -8.78,   890.00,   836.00
-75.7430502,  36.1872877,    -8.84,   902.00,   836.00
-75.7429234,  36.1873214,    -8.91,   914.00,   836.00
-75.7427966,  36.1873551,    -8.98,   926.00,   836.00
-75.7426699,  36.1873887,    -9.05,   938.00,   836.00
-75.7425431,  36.1874224,    -9.13,   950.00,   836.00
-75.7520071,  36.1851365,     2.49,    62.00,   860.00
-75.7518803,  36.1851702,     2.17,    74.00,   860.00
-75.7517536,  36.1852038,     1.64,    86.00,   860.00
-75.7516268,  36.1852375,     0.86,    98.00,   860.00
-75.7515000,  36.1852712,    -0.29,   110.00,   860.00
-75.7513732,  36.1853048,    -0.84,   122.00,   860.00
-75.7512465,  36.1853385,    -0.81,   134.00,   860.00
-75.7511197,  36.1853722,    -0.86,   146.00,   860.00
-75.7509929,  36.1854058,    -1.17,   158.00,   860.00
-75.7508662,  36.1854395,    -1.60,   170.00,   860.00
-75.7507394,  36.1854732,    -1.74,   182.00,   860.00
-75.7506126,  36.1855068,    -1.65,   194.00,   860.00
-75.7504859,  36.1855405,    -1.75,   206.00,   860.00
-75.7503591,  36.1855742,    -2.08,   218.00,   860.00
-75.7502323,  36.1856078,    -2.49,   230.00,   860.00
-75.7501056,  36.1856415,    -2.93,   242.00,   860.00
-75.7499788,  36.1856752,    -3.31,   254.00,   860.00
-75.7498520,  36.1857088,    -3.61,   266.00,   860.00
-75.7497252,  36.1857425,    -3.81,   278.00,   860.00
-75.7495985,  36.1857762,    -3.91,   290.00,   860.00
-75.7494717,  36.1858099,    -3.96,   302.00,   860.00
-75.7493449,  36.1858435,    -3.99,   314.00,   860.00
-75.7492182,  36.1858772,    -4.01,   326.00,   860.00
-75.7490914,  36.1859109,    -4.05,   338.00,   860.00
-75.7489646,  36.1859445,    -4.10,   350.00,   860.00
-75.7488379,  36.1859782,    -4.17,   362.00,   860.00
-75.7487111,  36.1860119,    -4.25,   374.00,   860.00
-75.7485843,  36.1860455,    -4.35,   386.00,   860.00
-75.7484576,  36.1860792,    -4.49,   398.00,   860.00
-75.7483308,  36.1861129,    -4.59,   410.00,   860.00
-75.7482040,  36.1861465,    -4.68,   422.00,   860.00
-75.7480772,  36.1861802,    -4.80,   434.00,   860.00
-75.7479505,  36.1862139,    -4.93,   446.00,   860.00
-75.7478237,  36.1862475,    -5.06,   458.00,   860.00
-75.7476969,  36.1862812,    -5.19,   470.00,   860.00
-75.7475702,  36.1863149,    -5.34,   482.00,   860.00
-75.7474434,  36.1863485,    -5.48,   494.00,   860.00
-75.7473166,  36.1863822,    -5.61,   506.00,   860.00
-75.7471899,  36.1864159,    -5.75,   518.00,   860.00
-75.7470631,  36.1864495,    -5.89,   530.00,   860.00
-75.7469363,  36.1864832,    -6.02,   542.00,   860.00
-75.7468095,  36.1865169,    -6.15,   554.00,   860.00
-75.7466828,  36.1865505,    -6.27,   566.00,   860.00
-75.7465560,  36.1865842,    -6.40,   578.00,   860.00
-75.7464292,  36.1866179,    -6.52,   590.00,   860.00
-75.7463025,  36.1866516,    -6.64,   602.00,   860.00
-75.7461757,  36.1866852,    -6.75,   614.00,   860.00
-75.7460489,  36.1867189,    -6.87,   626.00,   860.00
-75.7459222,  36.1867526,    -6.97,   638.00,   860.00
-75.7457954,  36.1867862,    -7.08,   650.00,   860.00
-75.7456686,  36.1868199,    -7.19,   662.00,   860.00
-75.7455419,  36.1868536,    -7.29,   674.00,   860.00
-75.7454151,  36.1868872,    -7.38,   686.00,   860.00
-75.7452883,  36.1869209,    -7.48,   698.00,   860.00
-75.7451615,  36.1869546,    -7.56,   710.00,   860.00
-75.7450348,  36.1869882,    -7.64,   722.00,   860.00
-75.7449080,  36.1870219,    -7.71,   734.00,   860.00
-75.7447812,  36.1870556,    -7.80,   746.00,   860.00
-75.7446545,  36.1870892,    -7.88,   758.00,   860.00
-75.7445277,  36.1871229,    -7.96,   770.00,   860.00
-75.7444009,  36.1871566,    -8.05,   782.00,   860.00
-75.7442742,  36.1871902,    -8.14,   794.00,   860.00
-75.7441474,  36.1872239,    -8.22,   806.00,   860.00
-75.7440206,  36.1872576,    -8.32,   818.00,   860.00
-75.7438939,  36.1872912,    -8.40,   830.00,   860.00
-75.7437671,  36.1873249,    -8.47,   842.00,   860.00
-75.7436403,  36.1873586,    -8.53,   854.00,   860.00
-75.7435135,  36.1873923,    -8.60,   866.00,   860.00
-75.7433868,  36.1874259,    -8.67,   878.00,   860.00
-75.7432600,  36.1874596,    -8.74,   890.00,   860.00
-75.7431332,  36.1874933,    -8.81,   902.00,   860.00
-75.7430065,  36.1875269,    -8.87,   914.00,   860.00
-75.7428797,  36.1875606,    -8.94,   926.00,   860.00
-75.7427529,  36.1875943,    -9.01,   938.00,   860.00
-75.7426262,  36.1876279,    -9.09,   950.00,   860.00
-75.7520902,  36.1853420,     2.38,    62.00,   884.00
-75.7519634,  36.1853757,     2.15,    74.00,   884.00
-75.7518366,  36.1854094,     1.58,    86.00,   884.00
-75.7517098,  36.1854430,     0.67,    98.00,   884.00
-75.7515831,  36.1854767,    -0.46,   110.00,   884.00
-75.7514563,  36.1855104,    -0.89,   122.00,   884.00
-75.7513295,  36.1855440,    -0.83,   134.00,   884.00
-75.7512028,  36.1855777,    -0.93,   146.00,   884.00
-75.7510760,  36.1856114,    -1.28,   158.00,   884.00
-75.7509492,  36.1856450,    -1.61,   170.00,   884.00
-75.7508225,  36.1856787,    -1.77,   182.00,   884.00
-75.7506957,  36.1857124,    -1.69,   194.00,   884.00
-75.7505689,  36.1857460,    -1.75,   206.00,   884.00
-75.7504422,  36.1857797,    -2.00,   218.00,   884.00
-75.7503154,  36.1858134,    -2.39,   230.00,   884.00
-75.7501886,  36.1858471,    -2.84,   242.00,   884.00
-75.7500618,  36.1858807,    -3.23,   254.00,   884.00
-75.7499351,  36.1859144,    -3.55,   266.00,   884.00
-75.7498083,  36.1859481,    -3.77,   278.00,   884.00
-75.7496815,  36.1859817,    -3.89,   290.00,   884.00
-75.7495548,  36.1860154,    -3.94,   302.00,   884.00
-75.7494280,  36.1860491,    -3.98,   314.00,   884.00
-75.7493012,  36.1860827,    -4.01,   326.00,   884.00
-75.7491745,  36.1861164,    -4.05,   338.00,   884.00
-75.7490477,  36.1861501,    -4.10,   350.00,   884.00
-75.7489209,  36.1861837,    -4.17,   362.00,   884.00
-75.7487941,  36.1862174,    -4.26,   374.00,   884.00
-75.7486674,  36.1862511,    -4.36,   386.00,   884.00
-75.7485406,  36.1862847,    -4.50,   398.00,   884.00
-75.7484138,  36.1863184,    -4.61,   410.00,   884.00
-75.7482871,  36.1863521,    -4.70,   422.00,   884.00
-75.7481603,  36.1863857,    -4.81,   434.00,   884.00
-75.7480335,  36.1864194,    -4.94,   446.00,   884.00
-75.7479068,  36.1864531,    -5.07,   458.00,   884.00
-75.7477800,  36.1864867,    -5.21,   470.00,   884.00
-75.7476532,  36.1865204,    -5.35,   482.00,   884.00
-75.7475265,  36.1865541,    -5.51,   494.00,   884.00
-75.7473997,  36.1865877,    -5.63,   506.00,   884.00
-75.7472729,  36.1866214,    -5.78,   518.00,   884.00
-75.7471461,  36.1866551,    -5.91,   530.00,   884.00
-75.7470194,  36.1866888,    -6.03,   542.00,   884.00
-75.7468926,  36.1867224,    -6.17,   554.00,   884.00
-75.7467658,  36.1867561,    -6.28,   566.00,   884.00
-75.7466391,  36.1867898,    -6.40,   578.00,   884.00
-75.7465123,  36.1868234,    -6.52,   590.00,   884.00
-75.7463855,  36.1868571,    -6.64,   602.00,   884.00
-75.7462588,  36.1868908,    -6.76,   614.00,   884.00
-75.7461320,  36.1869244,    -6.87,   626.00,   884.00
-75.7460052,  36.1869581,    -6.98,   638.00,   884.00
-75.7458785,  36.1869918,    -7.09,   650.00,   884.00
-75.7457517,  36.1870254,    -7.20,   662.00,   884.00
-75.7456249,  36.1870591,    -7.30,   674.00,   884.00
-75.7454981,  36.1870928,    -7.39,   686.00,   884.00
-75.7453714,  36.1871264,    -7.48,   698.00,   884.00
-75.7452446,  36.1871601,    -7.56,   710.00,   884.00
-75.7451178,  36.1871938,    -7.63,   722.00,   884.00
-75.7449911,  36.1872274,    -7.70,   734.00,   884.00
-75.7448643,  36.1872611,    -7.79,   746.00,   884.00
-75.7447375,  36.1872948,    -7.88,   758.00,   884.00
-75.7446108,  36.1873284,    -7.97,   770.00,   884.00
-75.7444840,  36.1873621,    -8.05,   782.00,   884.00
-75.7443572,  36.1873958,    -8.13,   794.00,   884.00
-75.7442305,  36.1874295,    -8.21,   806.00,   884.00
-75.7441037,  36.1874631,    -8.29,   818.00,   884.00
-75.7439769,  36.1874968,    -8.36,   830.00,   884.00
-75.7438501,  36.1875305,    -8.42,   842.00,   884.00
-75.7437234,  36.1875641,    -8.48,   854.00,   884.00
-75.7435966,  36.1875978,    -8.56,   866.00,   884.00
-75.7434698,  36.1876315,    -8.64,   878.00,   884.00
-75.7433431,  36.1876651,    -8.70,   890.00,   884.00
-75.7432163,  36.1876988,    -8.77,   902.00,   884.00
-75.7430895,  36.1877325,    -8.84,   914.00,   884.00
-75.7429628,  36.1877661,    -8.92,   926.00,   884.00
-75.7428360,  36.1877998,    -8.99,   938.00,   884.00
-75.7427092,  36.1878335,    -9.05,   950.00,   884.00
-75.7521732,  36.1855476,     2.39,    62.00,   908.00
-75.7520464,  36.1855812,     2.22,    74.00,   908.00
-75.7519197,  36.1856149,     1.61,    86.00,   908.00
-75.7517929,  36.1856486,     0.53,    98.00,   908.00
-75.7516661,  36.1856822,    -0.73,   110.00,   908.00
-75.7515394,  36.1857159,    -1.11,   122.00,   908.00
-75.7514126,  36.1857496,    -0.86,   134.00,   908.00
-75.7512858,  36.1857832,    -0.98,   146.00,   908.00
-75.7511591,  36.1858169,    -1.42,   158.00,   908.00
-75.7510323,  36.1858506,    -1.74,   170.00,   908.00
-75.7509055,  36.1858843,    -1.90,   182.00,   908.00
-75.7507787,  36.1859179,    -1.93,   194.00,   908.00
-75.7506520,  36.1859516,    -1.73,   206.00,   908.00
-75.7505252,  36.1859853,    -1.92,   218.00,   908.00
-75.7503984,  36.1860189,    -2.26,   230.00,   908.00
-75.7502717,  36.1860526,    -2.70,   242.00,   908.00
-75.7501449,  36.1860863,    -3.14,   254.00,   908.00
-75.7500181,  36.1861199,    -3.48,   266.00,   908.00
-75.7498914,  36.1861536,    -3.71,   278.00,   908.00
-75.7497646,  36.1861873,    -3.84,   290.00,   908.00
-75.7496378,  36.1862209,    -3.92,   302.00,   908.00
-75.7495111,  36.1862546,    -3.96,   314.00,   908.00
-75.7493843,  36.1862883,    -4.00,   326.00,   908.00
-75.7492575,  36.1863219,    -4.05,   338.00,   908.00
-75.7491307,  36.1863556,    -4.11,   350.00,   908.00
-75.7490040,  36.1863893,    -4.18,   362.00,   908.00
-75.7488772,  36.1864229,    -4.26,   374.00,   908.00
-75.7487504,  36.1864566,    -4.36,   386.00,   908.00
-75.7486237,  36.1864903,    -4.48,   398.00,   908.00
-75.7484969,  36.1865239,    -4.59,   410.00,   908.00
-75.7483701,  36.1865576,    -4.70,   422.00,   908.00
-75.7482434,  36.1865913,    -4.83,   434.00,   908.00
-75.7481166,  36.1866249,    -4.96,   446.00,   908.00
-75.7479898,  36.1866586,    -5.10,   458.00,   908.00
-75.7478631,  36.1866923,    -5.23,   470.00,   908.00
-75.7477363,  36.1867260,    -5.36,   482.00,   908.00
-75.7476095,  36.1867596,    -5.50,   494.00,   908.00
-75.7474827,  36.1867933,    -5.66,   506.00,   908.00
-75.7473560,  36.1868270,    -5.80,   518.00,   908.00
-75.7472292,  36.1868606,    -5.95,   530.00,   908.00
-75.7471024,  36.1868943,    -6.06,   542.00,   908.00
-75.7469757,  36.1869280,    -6.19,   554.00,   908.00
-75.7468489,  36.1869616,    -6.30,   566.00,   908.00
-75.7467221,  36.1869953,    -6.42,   578.00,   908.00
-75.7465954,  36.1870290,    -6.55,   590.00,   908.00
-75.7464686,  36.1870626,    -6.67,   602.00,   908.00
-75.7463418,  36.1870963,    -6.78,   614.00,   908.00
-75.7462151,  36.1871300,    -6.88,   626.00,   908.00
-75.7460883,  36.1871636,    -6.99,   638.00,   908.00
-75.7459615,  36.1871973,    -7.10,   650.00,   908.00
-75.7458347,  36.1872310,    -7.20,   662.00,   908.00
-75.7457080,  36.1872646,    -7.31,   674.00,   908.00
-75.7455812,  36.1872983,    -7.42,   686.00,   908.00
-75.7454544,  36.1873320,    -7.48,   698.00,   908.00
-75.7453277,  36.1873656,    -7.56,   710.00,   908.00
-75.7452009,  36.1873993,    -7.64,   722.00,   908.00
-75.7450741,  36.1874330,    -7.72,   734.00,   908.00
-75.7449474,  36.1874667,    -7.80,   746.00,   908.00
-75.7448206,  36.1875003,    -7.89,   758.00,   908.00
-75.7446938,  36.1875340,    -7.97,   770.00,   908.00
-75.7445671,  36.1875677,    -8.05,   782.00,   908.00
-75.7444403,  36.1876013,    -8.13,   794.00,   908.00
-75.7443135,  36.1876350,    -8.22,   806.00,   908.00
-75.7441867,  36.1876687,    -8.27,   818.00,   908.00
-75.7440600,  36.1877023,    -8.31,   830.00,   908.00
-75.7439332,  36.1877360,    -8.38,   842.00,   908.00
-75.7438064,  36.1877697,    -8.45,   854.00,   908.00
-75.7436797,  36.1878033,    -8.53,   866.00,   908.00
-75.7435529,  36.1878370,    -8.60,   878.00,   908.00
-75.7434261,  36.1878707,    -8.69,   890.00,   908.00
-75.7432994,  36.1879043,    -8.76,   902.00,   908.00
-75.7431726,  36.1879380,    -8.84,   914.00,   908.00
-75.7430458,  36.1879717,    -8.91,   926.00,   908.00
-75.7429191,  36.1880053,    -8.98,   938.00,   908.00
-75.7427923,  36.1880390,    -9.10,   950.00,   908.00
-75.7522563,  36.1857531,     2.37,    62.00,   932.00
-75.7521295,  36.1857868,     2.21,    74.00,   932.00
-75.7520027,  36.1858204,     1.47,    86.00,   932.00
-75.7518760,  36.1858541,     0.56,    98.00,   932.00
-75.7517492,  36.1858878,    -0.46,   110.00,   932.00
-75.7516224,  36.1859215,    -1.08,   122.00,   932.00
-75.7514957,  36.1859551,    -1.00,   134.00,   932.00
-75.7513689,  36.1859888,    -1.20,   146.00,   932.00
-75.7512421,  36.1860225,    -1.47,   158.00,   932.00
-75.7511153,  36.1860561,    -1.67,   170.00,   932.00
-75.7509886,  36.1860898,    -1.78,   182.00,   932.00
-75.7508618,  36.1861235,    -1.81,   194.00,   932.00
-75.7507350,  36.1861571,    -1.80,   206.00,   932.00
-75.7506083,  36.1861908,    -1.86,   218.00,   932.00
-75.7504815,  36.1862245,    -2.19,   230.00,   932.00
-75.7503547,  36.1862581,    -2.61,   242.00,   932.00
-75.7502280,  36.1862918,    -3.04,   254.00,   932.00
-75.7501012,  36.1863255,    -3.42,   266.00,   932.00
-75.7499744,  36.1863591,    -3.67,   278.00,   932.00
-75.7498477,  36.1863928,    -3.80,   290.00,   932.00
-75.7497209,  36.1864265,    -3.89,   302.00,   932.00
-75.7495941,  36.1864601,    -3.94,   314.00,   932.00
-75.7494673,  36.1864938,    -3.99,   326.00,   932.00
-75.7493406,  36.1865275,    -4.04,   338.00,   932.00
-75.7492138,  36.1865611,    -4.11,   350.00,   932.00
-75.7490870,  36.1865948,    -4.17,   362.00,   932.00
-75.7489603,  36.1866285,    -4.27,   374.00,   932.00
-75.7488335,  36.1866621,    -4.37,   386.00,   932.00
-75.7487067,  36.1866958,    -4.47,   398.00,   932.00
-75.7485800,  36.1867295,    -4.59,   410.00,   932.00
-75.7484532,  36.1867632,    -4.70,   422.00,   932.00
-75.7483264,  36.1867968,    -4.84,   434.00,   932.00
-75.7481997,  36.1868305,    -4.97,   446.00,   932.00
-75.7480729,  36.1868642,    -5.11,   458.00,   932.00
-75.7479461,  36.1868978,    -5.24,   470.00,   932.00
-75.7478193,  36.1869315,    -5.41,   482.00,   932.00
-75.7476926,  36.1869652,    -5.54,   494.00,   932.00
-75.7475658,  36.1869988,    -5.67,   506.00,   932.00
-75.7474390,  36.1870325,    -5.80,   518.00,   932.00
-75.7473123,  36.1870662,    -5.93,   530.00,   932.00
-75.7471855,  36.1870998,    -6.05,   542.00,   932.00
-75.7470587,  36.1871335,    -6.18,   554.00,   932.00
-75.7469320,  36.1871672,    -6.31,   566.00,   932.00
-75.7468052,  36.1872008,    -6.42,   578.00,   932.00
-75.7466784,  36.1872345,    -6.54,   590.00,   932.00
-75.7465517,  36.1872682,    -6.66,   602.00,   932.00
-75.7464249,  36.1873018,    -6.78,   614.00,   932.00
-75.7462981,  36.1873355,    -6.90,   626.00,   932.00
-75.7461713,  36.1873692,    -7.00,   638.00,   932.00
-75.7460446,  36.1874028,    -7.11,   650.00,   932.00
-75.7459178,  36.1874365,    -7.21,   662.00,   932.00
-75.7457910,  36.1874702,    -7.32,   674.00,   932.00
-75.7456643,  36.1875039,    -7.42,   686.00,   932.00
-75.7455375,  36.1875375,    -7.50,   698.00,   932.00
-75.7454107,  36.1875712,    -7.58,   710.00,   932.00
-75.7452840,  36.1876049,    -7.66,   722.00,   932.00
-75.7451572,  36.1876385,    -7.74,   734.00,   932.00
-75.7450304,  36.1876722,    -7.82,   746.00,   932.00
-75.7449037,  36.1877059,    -7.90,   758.00,   932.00
-75.7447769,  36.1877395,    -7.99,   770.00,   932.00
-75.7446501,  36.1877732,    -8.08,   782.00,   932.00
-75.7445233,  36.1878069,    -8.16,   794.00,   932.00
-75.7443966,  36.1878405,    -8.23,   806.00,   932.00
-75.7442698,  36.1878742,    -8.29,   818.00,   932.00
-75.7441430,  36.1879079,    -8.34,   830.00,   932.00
-75.7440163,  36.1879415,    -8.40,   842.00,   932.00
-75.7438895,  36.1879752,    -8.47,   854.00,   932.00
-75.7437627,  36.1880089,    -8.54,   866.00,   932.00
-75.7436360,  36.1880425,    -8.61,   878.00,   932.00
-75.7435092,  36.1880762,    -8.69,   890.00,   932.00
-75.7433824,  36.1881099,    -8.76,   902.00,   932.00
-75.7432557,  36.1881435,    -8.84,   914.00,   932.00
-75.7431289,  36.1881772,    -8.91,   926.00,   932.00
-75.7430021,  36.1882109,    -9.00,   938.00,   932.00
-75.7428753,  36.1882446,    -9.10,   950.00,   932.00
-75.7523393,  36.1859587,     2.50,    62.00,   956.00
-75.7522126,  36.1859923,     2.32,    74.00,   956.00
-75.7520858,  36.1860260,     1.57,    86.00,   956.00
-75.7519590,  36.1860597,     0.24,    98.00,   956.00
-75.7518323,  36.1860933,    -1.21,   110.00,   956.00
-75.7517055,  36.1861270,    -1.09,   122.00,   956.00
-75.7515787,  36.1861607,    -0.95,   134.00,   956.00
-75.7514519,  36.1861943,    -1.42,   146.00,   956.00
-75.7513252,  36.1862280,    -1.73,   158.00,   956.00
-75.7511984,  36.1862617,    -1.48,   170.00,   956.00
-75.7510716,  36.1862953,    -1.46,   182.00,   956.00
-75.7509449,  36.1863290,    -1.82,   194.00,   956.00
-75.7508181,  36.1863627,    -1.79,   206.00,   956.00
-75.7506913,  36.1863963,    -1.74,   218.00,   956.00
-75.7505646,  36.1864300,    -2.08,   230.00,   956.00
-75.7504378,  36.1864637,    -2.51,   242.00,   956.00
-75.7503110,  36.1864973,    -2.98,   254.00,   956.00
-75.7501843,  36.1865310,    -3.38,   266.00,   956.00
-75.7500575,  36.1865647,    -3.64,   278.00,   956.00
-75.7499307,  36.1865983,    -3.77,   290.00,   956.00
-75.7498039,  36.1866320,    -3.85,   302.00,   956.00
-75.7496772,  36.1866657,    -3.91,   314.00,   956.00
-75.7495504,  36.1866993,    -3.97,   326.00,   956.00
-75.7494236,  36.1867330,    -4.03,   338.00,   956.00
-75.7492969,  36.1867667,    -4.11,   350.00,   956.00
-75.7491701,  36.1868004,    -4.18,   362.00,   956.00
-75.7490433,  36.1868340,    -4.26,   374.00,   956.00
-75.7489166,  36.1868677,    -4.36,   386.00,   956.00
-75.7487898,  36.1869014,    -4.46,   398.00,   956.00
-75.7486630,  36.1869350,    -4.58,   410.00,   956.00
-75.7485363,  36.1869687,    -4.71,   422.00,   956.00
-75.7484095,  36.1870024,    -4.85,   434.00,   956.00
-75.7482827,  36.1870360,    -4.98,   446.00,   956.00
-75.7481559,  36.1870697,    -5.10,   458.00,   956.00
-75.7480292,  36.1871034,    -5.24,   470.00,   956.00
-75.7479024,  36.1871370,    -5.39,   482.00,   956.00
-75.7477756,  36.1871707,    -5.53,   494.00,   956.00
-75.7476489,  36.1872044,    -5.67,   506.00,   956.00
-75.7475221,  36.1872380,    -5.81,   518.00,   956.00
-75.7473953,  36.1872717,    -5.95,   530.00,   956.00
-75.7472686,  36.1873054,    -6.07,   542.00,   956.00
-75.7471418,  36.1873390,    -6.18,   554.00,   956.00
-75.7470150,  36.1873727,    -6.31,   566.00,   956.00
-75.7468883,  36.1874064,    -6.42,   578.00,   956.00
-75.7467615,  36.1874400,    -6.53,   590.00,   956.00
-75.7466347,  36.1874737,    -6.66,   602.00,   956.00
-75.7465079,  36.1875074,    -6.78,   614.00,   956.00
-75.7463812,  36.1875411,    -6.91,   626.00,   956.00
-75.7462544,  36.1875747,    -7.02,   638.00,   956.00
-75.7461276,  36.1876084,    -7.13,   650.00,   956.00
-75.7460009,  36.1876421,    -7.24,   662.00,   956.00
-75.7458741,  36.1876757,    -7.34,   674.00,   956.00
-75.7457473,  36.1877094,    -7.44,   686.00,   956.00
-75.7456206,  36.1877431,    -7.52,   698.00,   956.00
-75.7454938,  36.1877767,    -7.60,   710.00,   956.00
-75.7453670,  36.1878104,    -7.68,   722.00,   956.00
-75.7452403,  36.1878441,    -7.75,   734.00,   956.00
-75.7451135,  36.1878777,    -7.84,   746.00,   956.00
-75.7449867,  36.1879114,    -7.92,   758.00,   956.00
-75.7448599,  36.1879451,    -8.00,   770.00,   956.00
-75.7447332,  36.1879787,    -8.08,   782.00,   956.00
-75.7446064,  36.1880124,    -8.17,   794.00,   956.00
-75.7444796,  36.1880461,    -8.25,   806.00,   956.00
-75.7443529,  36.1880797,    -8.32,   818.00,   956.00
-75.7442261,  36.1881134,    -8.42,   830.00,   956.00
-75.7440993,  36.1881471,    -8.47,   842.00,   956.00
-75.7439726,  36.1881807,    -8.52,   854.00,   956.00
-75.7438458,  36.1882144,    -8.57,   866.00,   956.00
-75.7437190,  36.1882481,    -8.64,   878.00,   956.00
-75.7435923,  36.1882818,    -8.71,   890.00,   956.00
-75.7434655,  36.1883154,    -8.78,   902.00,   956.00
-75.7433387,  36.1883491,    -8.85,   914.00,   956.00
-75.7432119,  36.1883828,    -8.94,   926.00,   956.00
-75.7430852,  36.1884164,    -9.02,   938.00,   956.00
-75.7429584,  36.1884501,    -9.13,   950.00,   956.00
-75.7524224,  36.1861642,     2.58,    62.00,   980.00
-75.7522956,  36.1861979,     2.33,    74.00,   980.00
-75.7521689,  36.1862315,     1.52,    86.00,   980.00
-75.7520421,  36.1862652,     0.15,    98.00,   980.00
-75.7519153,  36.1862989,    -0.73,   110.00,   980.00
-75.7517885,  36.1863325,    -1.14,   122.00,   980.00
-75.7516618,  36.1863662,    -1.26,   134.00,   980.00
-75.7515350,  36.1863999,    -1.54,   146.00,   980.00
-75.7514082,  36.1864335,    -1.62,   158.00,   980.00
-75.7512815,  36.1864672,    -1.52,   170.00,   980.00
-75.7511547,  36.1865009,    -1.60,   182.00,   980.00
-75.7510279,  36.1865345,    -1.84,   194.00,   980.00
-75.7509012,  36.1865682,    -1.86,   206.00,   980.00
-75.7507744,  36.1866019,    -1.85,   218.00,   980.00
-75.7506476,  36.1866355,    -2.01,   230.00,   980.00
-75.7505209,  36.1866692,    -2.42,   242.00,   980.00
-75.7503941,  36.1867029,    -2.88,   254.00,   980.00
-75.7502673,  36.1867365,    -3.27,   266.00,   980.00
-75.7501405,  36.1867702,    -3.56,   278.00,   980.00
-75.7500138,  36.1868039,    -3.72,   290.00,   980.00
-75.7498870,  36.1868376,    -3.81,   302.00,   980.00
-75.7497602,  36.1868712,    -3.89,   314.00,   980.00
-75.7496335,  36.1869049,    -3.96,   326.00,   980.00
-75.7495067,  36.1869386,    -4.03,   338.00,   980.00
-75.7493799,  36.1869722,    -4.10,   350.00,   980.00
-75.7492532,  36.1870059,    -4.18,   362.00,   980.00
-75.7491264,  36.1870396,    -4.27,   374.00,   980.00
-75.7489996,  36.1870732,    -4.37,   386.00,   980.00
-75.7488729,  36.1871069,    -4.48,   398.00,   980.00
-75.7487461,  36.1871406,    -4.62,   410.00,   980.00
-75.7486193,  36.1871742,    -4.75,   422.00,   980.00
-75.7484925,  36.1872079,    -4.87,   434.00,   980.00
-75.7483658,  36.1872416,    -4.99,   446.00,   980.00
-75.7482390,  36.1872752,    -5.13,   458.00,   980.00
-75.7481122,  36.1873089,    -5.26,   470.00,   980.00
-75.7479855,  36.1873426,    -5.40,   482.00,   980.00
-75.7478587,  36.1873762,    -5.57,   494.00,   980.00
-75.7477319,  36.1874099,    -5.71,   506.00,   980.00
-75.7476052,  36.1874436,    -5.86,   518.00,   980.00
-75.7474784,  36.1874772,    -5.99,   530.00,   980.00
-75.7473516,  36.1875109,    -6.11,   542.00,   980.00
-75.7472249,  36.1875446,    -6.23,   554.00,   980.00
-75.7470981,  36.1875783,    -6.33,   566.00,   980.00
-75.7469713,  36.1876119,    -6.44,   578.00,   980.00
-75.7468445,  36.1876456,    -6.54,   590.00,   980.00
-75.7467178,  36.1876793,    -6.65,   602.00,   980.00
-75.7465910,  36.1877129,    -6.78,   614.00,   980.00
-75.7464642,  36.1877466,    -6.91,   626.00,   980.00
-75.7463375,  36.1877803,    -7.02,   638.00,   980.00
-75.7462107,  36.1878139,    -7.13,   650.00,   980.00
-75.7460839,  36.1878476,    -7.23,   662.00,   980.00
-75.7459572,  36.1878813,    -7.33,   674.00,   980.00
-75.7458304,  36.1879149,    -7.42,   686.00,   980.00
-75.7457036,  36.1879486,    -7.53,   698.00,   980.00
-75.7455769,  36.1879823,    -7.61,   710.00,   980.00
-75.7454501,  36.1880159,    -7.68,   722.00,   980.00
-75.7453233,  36.1880496,    -7.76,   734.00,   980.00
-75.7451965,  36.1880833,    -7.85,   746.00,   980.00
-75.7450698,  36.1881169,    -7.93,   758.00,   980.00
-75.7449430,  36.1881506,    -8.00,   770.00,   980.00
-75.7448162,  36.1881843,    -8.08,   782.00,   980.00
-75.7446895,  36.1882179,    -8.16,   794.00,   980.00
-75.7445627,  36.1882516,    -8.24,   806.00,   980.00
-75.7444359,  36.1882853,    -8.33,   818.00,   980.00
-75.7443092,  36.1883190,    -8.39,   830.00,   980.00
-75.7441824,  36.1883526,    -8.46,   842.00,   980.00
-75.7440556,  36.1883863,    -8.53,   854.00,   980.00
-75.7439289,  36.1884200,    -8.60,   866.00,   980.00
-75.7438021,  36.1884536,    -8.67,   878.00,   980.00
-75.7436753,  36.1884873,    -8.73,   890.00,   980.00
-75.7435485,  36.1885210,    -8.81,   902.00,   980.00
-75.7434218,  36.1885546,    -8.89,   914.00,   980.00
-75.7432950,  36.1885883,    -8.98,   926.00,   980.00
-75.7431682,  36.1886220,    -9.06,   938.00,   980.00
-75.7430415,  36.1886556,    -9.15,   950.00,   980.00
-75.7525055,  36.1863697,     2.72,    62.00,  1004.00
-75.7523787,  36.1864034,     2.61,    74.00,  1004.00
-75.7522519,  36.1864371,     1.52,    86.00,  1004.00
-75.7521251,  36.1864707,     0.22,    98.00,  1004.00
-75.7519984,  36.1865044,    -1.08,   110.00,  1004.00
-75.7518716,  36.1865381,    -0.91,   122.00,  1004.00
-75.7517448,  36.1865717,    -1.74,   134.00,  1004.00
-75.7516181,  36.1866054,    -1.86,   146.00,  1004.00
-75.7514913,  36.1866391,    -1.55,   158.00,  1004.00
-75.7513645,  36.1866727,    -1.31,   170.00,  1004.00
-75.7512378,  36.1867064,    -1.61,   182.00,  1004.00
-75.7511110,  36.1867401,    -2.01,   194.00,  1004.00
-75.7509842,  36.1867737,    -2.11,   206.00,  1004.00
-75.7508575,  36.1868074,    -1.71,   218.00,  1004.00
-75.7507307,  36.1868411,    -1.88,   230.00,  1004.00
-75.7506039,  36.1868748,    -2.28,   242.00,  1004.00
-75.7504771,  36.1869084,    -2.77,   254.00,  1004.00
-75.7503504,  36.1869421,    -3.18,   266.00,  1004.00
-75.7502236,  36.1869758,    -3.49,   278.00,  1004.00
-75.7500968,  36.1870094,    -3.68,   290.00,  1004.00
-75.7499701,  36.1870431,    -3.78,   302.00,  1004.00
-75.7498433,  36.1870768,    -3.87,   314.00,  1004.00
-75.7497165,  36.1871104,    -3.95,   326.00,  1004.00
-75.7495898,  36.1871441,    -4.02,   338.00,  1004.00
-75.7494630,  36.1871778,    -4.09,   350.00,  1004.00
-75.7493362,  36.1872114,    -4.17,   362.00,  1004.00
-75.7492095,  36.1872451,    -4.28,   374.00,  1004.00
-75.7490827,  36.1872788,    -4.40,   386.00,  1004.00
-75.7489559,  36.1873124,    -4.48,   398.00,  1004.00
-75.7488291,  36.1873461,    -4.62,   410.00,  1004.00
-75.7487024,  36.1873798,    -4.78,   422.00,  1004.00
-75.7485756,  36.1874134,    -4.89,   434.00,  1004.00
-75.7484488,  36.1874471,    -5.02,   446.00,  1004.00
-75.7483221,  36.1874808,    -5.17,   458.00,  1004.00
-75.7481953,  36.1875144,    -5.27,   470.00,  1004.00
-75.7480685,  36.1875481,    -5.43,   482.00,  1004.00
-75.7479418,  36.1875818,    -5.56,   494.00,  1004.00
-75.7478150,  36.1876155,    -5.71,   506.00,  1004.00
-75.7476882,  36.1876491,    -5.86,   518.00,  1004.00
-75.7475615,  36.1876828,    -6.00,   530.00,  1004.00
-75.7474347,  36.1877165,    -6.13,   542.00,  1004.00
-75.7473079,  36.1877501,    -6.25,   554.00,  1004.00
-75.7471811,  36.1877838,    -6.37,   566.00,  1004.00
-75.7470544,  36.1878175,    -6.49,   578.00,  1004.00
-75.7469276,  36.1878511,    -6.54,   590.00,  1004.00
-75.7468008,  36.1878848,    -6.70,   602.00,  1004.00
-75.7466741,  36.1879185,    -6.80,   614.00,  1004.00
-75.7465473,  36.1879521,    -6.89,   626.00,  1004.00
-75.7464205,  36.1879858,    -7.01,   638.00,  1004.00
-75.7462938,  36.1880195,    -7.14,   650.00,  1004.00
-75.7461670,  36.1880531,    -7.22,   662.00,  1004.00
-75.7460402,  36.1880868,    -7.31,   674.00,  1004.00
-75.7459135,  36.1881205,    -7.41,   686.00,  1004.00
-75.7457867,  36.1881541,    -7.52,   698.00,  1004.00
-75.7456599,  36.1881878,    -7.61,   710.00,  1004.00
-75.7455331,  36.1882215,    -7.70,   722.00,  1004.00
-75.7454064,  36.1882551,    -7.77,   734.00,  1004.00
-75.7452796,  36.1882888,    -7.85,   746.00,  1004.00
-75.7451528,  36.1883225,    -7.92,   758.00,  1004.00
-75.7450261,  36.1883562,    -8.01,   770.00,  1004.00
-75.7448993,  36.1883898,    -8.08,   782.00,  1004.00
-75.7447725,  36.1884235,    -8.16,   794.00,  1004.00
-75.7446458,  36.1884572,    -8.23,   806.00,  1004.00
-75.7445190,  36.1884908,    -8.31,   818.00,  1004.00
-75.7443922,  36.1885245,    -8.37,   830.00,  1004.00
-75.7442654,  36.1885582,    -8.44,   842.00,  1004.00
-75.7441387,  36.1885918,    -8.51,   854.00,  1004.00
-75.7440119,  36.1886255,    -8.58,   866.00,  1004.00
-75.7438851,  36.1886592,    -8.67,   878.00,  1004.00
-75.7437584,  36.1886928,    -8.75,   890.00,  1004.00
-75.7436316,  36.1887265,    -8.84,   902.00,  1004.00
-75.7435048,  36.1887602,    -8.92,   914.00,  1004.00
-75.7433781,  36.1887938,    -9.01,   926.00,  1004.00
-75.7432513,  36.1888275,    -9.09,   938.00,  1004.00
-75.7431245,  36.1888612,    -9.17,   950.00,  1004.00
-75.7525885,  36.1865753,     2.69,    62.00,  1028.00
-75.7524617,  36.1866089,     2.47,    74.00,  1028.00
-75.7523350,  36.1866426,     1.50,    86.00,  1028.00
-75.7522082,  36.1866763,     0.13,    98.00,  1028.00
-75.7520814,  36.1867099,    -0.77,   110.00,  1028.00
-75.7519547,  36.1867436,    -1.39,   122.00,  1028.00
-75.7518279,  36.1867773,    -1.63,   134.00,  1028.00
-75.7517011,  36.1868109,    -1.71,   146.00,  1028.00
-75.7515744,  36.1868446,    -1.57,   158.00,  1028.00
-75.7514476,  36.1868783,    -1.55,   170.00,  1028.00
-75.7513208,  36.1869120,    -1.76,   182.00,  1028.00
-75.7511941,  36.1869456,    -2.04,   194.00,  1028.00
-75.7510673,  36.1869793,    -2.08,   206.00,  1028.00
-75.7509405,  36.1870130,    -1.90,   218.00,  1028.00
-75.7508137,  36.1870466,    -1.87,   230.00,  1028.00
-75.7506870,  36.1870803,    -2.22,   242.00,  1028.00
-75.7505602,  36.1871140,    -2.69,   254.00,  1028.00
-75.7504334,  36.1871476,    -3.11,   266.00,  1028.00
-75.7503067,  36.1871813,    -3.41,   278.00,  1028.00
-75.7501799,  36.1872150,    -3.63,   290.00,  1028.00
-75.7500531,  36.1872486,    -3.76,   302.00,  1028.00
-75.7499264,  36.1872823,    -3.86,   314.00,  1028.00
-75.7497996,  36.1873160,    -3.94,   326.00,  1028.00
-75.7496728,  36.1873496,    -4.02,   338.00,  1028.00
-75.7495461,  36.1873833,    -4.10,   350.00,  1028.00
-75.7494193,  36.1874170,    -4.20,   362.00,  1028.00
-75.7492925,  36.1874506,    -4.30,   374.00,  1028.00
-75.7491657,  36.1874843,    -4.40,   386.00,  1028.00
-75.7490390,  36.1875180,    -4.50,   398.00,  1028.00
-75.7489122,  36.1875516,    -4.60,   410.00,  1028.00
-75.7487854,  36.1875853,    -4.73,   422.00,  1028.00
-75.7486587,  36.1876190,    -4.88,   434.00,  1028.00
-75.7485319,  36.1876527,    -5.02,   446.00,  1028.00
-75.7484051,  36.1876863,    -5.16,   458.00,  1028.00
-75.7482784,  36.1877200,    -5.31,   470.00,  1028.00
-75.7481516,  36.1877537,    -5.49,   482.00,  1028.00
-75.7480248,  36.1877873,    -5.60,   494.00,  1028.00
-75.7478981,  36.1878210,    -5.75,   506.00,  1028.00
-75.7477713,  36.1878547,    -5.89,   518.00,  1028.00
-75.7476445,  36.1878883,    -6.02,   530.00,  1028.00
-75.7475177,  36.1879220,    -6.13,   542.00,  1028.00
-75.7473910,  36.1879557,    -6.25,   554.00,  1028.00
-75.7472642,  36.1879893,    -6.38,   566.00,  1028.00
-75.7471374,  36.1880230,    -6.50,   578.00,  1028.00
-75.7470107,  36.1880567,    -6.62,   590.00,  1028.00
-75.7468839,  36.1880903,    -6.74,   602.00,  1028.00
-75.7467571,  36.1881240,    -6.84,   614.00,  1028.00
-75.7466304,  36.1881577,    -6.95,   626.00,  1028.00
-75.7465036,  36.1881913,    -7.04,   638.00,  1028.00
-75.7463768,  36.1882250,    -7.13,   650.00,  1028.00
-75.7462500,  36.1882587,    -7.23,   662.00,  1028.00
-75.7461233,  36.1882923,    -7.33,   674.00,  1028.00
-75.7459965,  36.1883260,    -7.42,   686.00,  1028.00
-75.7458697,  36.1883597,    -7.53,   698.00,  1028.00
-75.7457430,  36.1883934,    -7.62,   710.00,  1028.00
-75.7456162,  36.1884270,    -7.70,   722.00,  1028.00
-75.7454894,  36.1884607,    -7.77,   734.00,  1028.00
-75.7453627,  36.1884944,    -7.85,   746.00,  1028.00
-75.7452359,  36.1885280,    -7.92,   758.00,  1028.00
-75.7451091,  36.1885617,    -8.01,   770.00,  1028.00
-75.7449824,  36.1885954,    -8.08,   782.00,  1028.00
-75.7448556,  36.1886290,    -8.16,   794.00,  1028.00
-75.7447288,  36.1886627,    -8.23,   806.00,  1028.00
-75.7446020,  36.1886964,    -8.31,   818.00,  1028.00
-75.7444753,  36.1887300,    -8.37,   830.00,  1028.00
-75.7443485,  36.1887637,    -8.44,   842.00,  1028.00
-75.7442217,  36.1887974,    -8.52,   854.00,  1028.00
-75.7440950,  36.1888310,    -8.59,   866.00,  1028.00
-75.7439682,  36.1888647,    -8.67,   878.00,  1028.00
-75.7438414,  36.1888984,    -8.75,   890.00,  1028.00
-75.7437147,  36.1889320,    -8.84,   902.00,  1028.00
-75.7435879,  36.1889657,    -8.92,   914.00,  1028.00
-75.7434611,  36.1889994,    -9.00,   926.00,  1028.00
-75.7433344,  36.1890330,    -9.08,   938.00,  1028.00
-75.7432076,  36.1890667,    -9.15,   950.00,  1028.00
-75.7526716,  36.1867808,     2.34,    62.00,  1052.00
-75.7525448,  36.1868145,     2.21,    74.00,  1052.00
-75.7524180,  36.1868481,     1.22,    86.00,  1052.00
-75.7522913,  36.1868818,     0.06,    98.00,  1052.00
-75.7521645,  36.1869155,    -0.92,   110.00,  1052.00
-75.7520377,  36.1869492,    -1.61,   122.00,  1052.00
-75.7519110,  36.1869828,    -1.63,   134.00,  1052.00
-75.7517842,  36.1870165,    -1.57,   146.00,  1052.00
-75.7516574,  36.1870502,    -1.42,   158.00,  1052.00
-75.7515307,  36.1870838,    -1.67,   170.00,  1052.00
-75.7514039,  36.1871175,    -2.15,   182.00,  1052.00
-75.7512771,  36.1871512,    -2.31,   194.00,  1052.00
-75.7511503,  36.1871848,    -2.37,   206.00,  1052.00
-75.7510236,  36.1872185,    -2.04,   218.00,  1052.00
-75.7508968,  36.1872522,    -1.75,   230.00,  1052.00
-75.7507700,  36.1872858,    -2.05,   242.00,  1052.00
-75.7506433,  36.1873195,    -2.64,   254.00,  1052.00
-75.7505165,  36.1873532,    -3.07,   266.00,  1052.00
-75.7503897,  36.1873868,    -3.37,   278.00,  1052.00
-75.7502630,  36.1874205,    -3.61,   290.00,  1052.00
-75.7501362,  36.1874542,    -3.74,   302.00,  1052.00
-75.7500094,  36.1874878,    -3.86,   314.00,  1052.00
-75.7498827,  36.1875215,    -3.94,   326.00,  1052.00
-75.7497559,  36.1875552,    -4.02,   338.00,  1052.00
-75.7496291,  36.1875888,    -4.11,   350.00,  1052.00
-75.7495023,  36.1876225,    -4.21,   362.00,  1052.00
-75.7493756,  36.1876562,    -4.31,   374.00,  1052.00
-75.7492488,  36.1876899,    -4.42,   386.00,  1052.00
-75.7491220,  36.1877235,    -4.53,   398.00,  1052.00
-75.7489953,  36.1877572,    -4.70,   410.00,  1052.00
-75.7488685,  36.1877909,    -4.78,   422.00,  1052.00
-75.7487417,  36.1878245,    -4.91,   434.00,  1052.00
-75.7486150,  36.1878582,    -5.03,   446.00,  1052.00
-75.7484882,  36.1878919,    -5.19,   458.00,  1052.00
-75.7483614,  36.1879255,    -5.36,   470.00,  1052.00
-75.7482347,  36.1879592,    -5.48,   482.00,  1052.00
-75.7481079,  36.1879929,    -5.62,   494.00,  1052.00
-75.7479811,  36.1880265,    -5.75,   506.00,  1052.00
-75.7478543,  36.1880602,    -5.91,   518.00,  1052.00
-75.7477276,  36.1880939,    -6.05,   530.00,  1052.00
-75.7476008,  36.1881275,    -6.17,   542.00,  1052.00
-75.7474740,  36.1881612,    -6.28,   554.00,  1052.00
-75.7473473,  36.1881949,    -6.40,   566.00,  1052.00
-75.7472205,  36.1882285,    -6.52,   578.00,  1052.00
-75.7470937,  36.1882622,    -6.63,   590.00,  1052.00
-75.7469670,  36.1882959,    -6.75,   602.00,  1052.00
-75.7468402,  36.1883295,    -6.86,   614.00,  1052.00
-75.7467134,  36.1883632,    -6.97,   626.00,  1052.00
-75.7465866,  36.1883969,    -7.06,   638.00,  1052.00
-75.7464599,  36.1884306,    -7.16,   650.00,  1052.00
-75.7463331,  36.1884642,    -7.25,   662.00,  1052.00
-75.7462063,  36.1884979,    -7.36,   674.00,  1052.00
-75.7460796,  36.1885316,    -7.44,   686.00,  1052.00
-75.7459528,  36.1885652,    -7.54,   698.00,  1052.00
-75.7458260,  36.1885989,    -7.62,   710.00,  1052.00
-75.7456993,  36.1886326,    -7.70,   722.00,  1052.00
-75.7455725,  36.1886662,    -7.77,   734.00,  1052.00
-75.7454457,  36.1886999,    -7.83,   746.00,  1052.00
-75.7453190,  36.1887336,    -7.91,   758.00,  1052.00
-75.7451922,  36.1887672,    -7.99,   770.00,  1052.00
-75.7450654,  36.1888009,    -8.07,   782.00,  1052.00
-75.7449386,  36.1888346,    -8.15,   794.00,  1052.00
-75.7448119,  36.1888682,    -8.24,   806.00,  1052.00
-75.7446851,  36.1889019,    -8.31,   818.00,  1052.00
-75.7445583,  36.1889356,    -8.39,   830.00,  1052.00
-75.7444316,  36.1889692,    -8.45,   842.00,  1052.00
-75.7443048,  36.1890029,    -8.52,   854.00,  1052.00
-75.7441780,  36.1890366,    -8.61,   866.00,  1052.00
-75.7440513,  36.1890702,    -8.69,   878.00,  1052.00
-75.7439245,  36.1891039,    -8.76,   890.00,  1052.00
-75.7437977,  36.1891376,    -8.83,   902.00,  1052.00
-75.7436710,  36.1891713,    -8.90,   914.00,  1052.00
-75.7435442,  36.1892049,    -8.98,   926.00,  1052.00
-75.7434174,  36.1892386,    -9.05,   938.00,  1052.00
-75.7432906,  36.1892723,    -9.14,   950.00,  1052.00
-75.7527546,  36.1869864,     2.67,    62.00,  1076.00
-75.7526279,  36.1870200,     2.56,    74.00,  1076.00
-75.7525011,  36.1870537,     1.52,    86.00,  1076.00
-75.7523743,  36.1870874,     0.32,    98.00,  1076.00
-75.7522476,  36.1871210,    -0.61,   110.00,  1076.00
-75.7521208,  36.1871547,    -1.22,   122.00,  1076.00
-75.7519940,  36.1871884,    -1.61,   134.00,  1076.00
-75.7518673,  36.1872220,    -1.75,   146.00,  1076.00
-75.7517405,  36.1872557,    -1.83,   158.00,  1076.00
-75.7516137,  36.1872894,    -1.93,   170.00,  1076.00
-75.7514869,  36.1873230,    -2.12,   182.00,  1076.00
-75.7513602,  36.1873567,    -2.22,   194.00,  1076.00
-75.7512334,  36.1873904,    -2.16,   206.00,  1076.00
-75.7511066,  36.1874240,    -2.04,   218.00,  1076.00
-75.7509799,  36.1874577,    -1.89,   230.00,  1076.00
-75.7508531,  36.1874914,    -2.07,   242.00,  1076.00
-75.7507263,  36.1875250,    -2.58,   254.00,  1076.00
-75.7505996,  36.1875587,    -3.07,   266.00,  1076.00
-75.7504728,  36.1875924,    -3.40,   278.00,  1076.00
-75.7503460,  36.1876260,    -3.62,   290.00,  1076.00
-75.7502193,  36.1876597,    -3.77,   302.00,  1076.00
-75.7500925,  36.1876934,    -3.87,   314.00,  1076.00
-75.7499657,  36.1877271,    -3.96,   326.00,  1076.00
-75.7498389,  36.1877607,    -4.04,   338.00,  1076.00
-75.7497122,  36.1877944,    -4.13,   350.00,  1076.00
-75.7495854,  36.1878281,    -4.23,   362.00,  1076.00
-75.7494586,  36.1878617,    -4.33,   374.00,  1076.00
-75.7493319,  36.1878954,    -4.45,   386.00,  1076.00
-75.7492051,  36.1879291,    -4.56,   398.00,  1076.00
-75.7490783,  36.1879627,    -4.68,   410.00,  1076.00
-75.7489516,  36.1879964,    -4.81,   422.00,  1076.00
-75.7488248,  36.1880301,    -4.94,   434.00,  1076.00
-75.7486980,  36.1880637,    -5.07,   446.00,  1076.00
-75.7485712,  36.1880974,    -5.21,   458.00,  1076.00
-75.7484445,  36.1881311,    -5.35,   470.00,  1076.00
-75.7483177,  36.1881647,    -5.49,   482.00,  1076.00
-75.7481909,  36.1881984,    -5.64,   494.00,  1076.00
-75.7480642,  36.1882321,    -5.78,   506.00,  1076.00
-75.7479374,  36.1882657,    -5.91,   518.00,  1076.00
-75.7478106,  36.1882994,    -6.04,   530.00,  1076.00
-75.7476839,  36.1883331,    -6.18,   542.00,  1076.00
-75.7475571,  36.1883667,    -6.29,   554.00,  1076.00
-75.7474303,  36.1884004,    -6.42,   566.00,  1076.00
-75.7473036,  36.1884341,    -6.54,   578.00,  1076.00
-75.7471768,  36.1884678,    -6.66,   590.00,  1076.00
-75.7470500,  36.1885014,    -6.78,   602.00,  1076.00
-75.7469232,  36.1885351,    -6.89,   614.00,  1076.00
-75.7467965,  36.1885688,    -6.99,   626.00,  1076.00
-75.7466697,  36.1886024,    -7.09,   638.00,  1076.00
-75.7465429,  36.1886361,    -7.17,   650.00,  1076.00
-75.7464162,  36.1886698,    -7.28,   662.00,  1076.00
-75.7462894,  36.1887034,    -7.36,   674.00,  1076.00
-75.7461626,  36.1887371,    -7.47,   686.00,  1076.00
-75.7460359,  36.1887708,    -7.55,   698.00,  1076.00
-75.7459091,  36.1888044,    -7.62,   710.00,  1076.00
-75.7457823,  36.1888381,    -7.69,   722.00,  1076.00
-75.7456556,  36.1888718,    -7.76,   734.00,  1076.00
-75.7455288,  36.1889054,    -7.83,   746.00,  1076.00
-75.7454020,  36.1889391,    -7.91,   758.00,  1076.00
-75.7452752,  36.1889728,    -7.99,   770.00,  1076.00
-75.7451485,  36.1890064,    -8.07,   782.00,  1076.00
-75.7450217,  36.1890401,    -8.16,   794.00,  1076.00
-75.7448949,  36.1890738,    -8.24,   806.00,  1076.00
-75.7447682,  36.1891074,    -8.32,   818.00,  1076.00
-75.7446414,  36.1891411,    -8.40,   830.00,  1076.00
-75.7445146,  36.1891748,    -8.47,   842.00,  1076.00
-75.7443879,  36.1892085,    -8.54,   854.00,  1076.00
-75.7442611,  36.1892421,    -8.62,   866.00,  1076.00
-75.7441343,  36.1892758,    -8.69,   878.00,  1076.00
-75.7440076,  36.1893095,    -8.76,   890.00,  1076.00
-75.7438808,  36.1893431,    -8.83,   902.00,  1076.00
-75.7437540,  36.1893768,    -8.88,   914.00,  1076.00
-75.7436272,  36.1894105,    -8.95,   926.00,  1076.00
-75.7435005,  36.1894441,    -9.03,   938.00,  1076.00
-75.7433737,  36.1894778,    -9.13,   950.00,  1076.00
-75.7528377,  36.1871919,     2.52,    62.00,  1100.00
-75.7527109,  36.1872256,     1.59,    74.00,  1100.00
-75.7525842,  36.1872592,     1.14,    86.00,  1100.00
-75.7524574,  36.1872929,     0.02,    98.00,  1100.00
-75.7523306,  36.1873266,    -0.95,   110.00,  1100.00
-75.7522039,  36.1873602,    -1.31,   122.00,  1100.00
-75.7520771,  36.1873939,    -1.49,   134.00,  1100.00
-75.7519503,  36.1874276,    -2.04,   146.00,  1100.00
-75.7518235,  36.1874612,    -2.11,   158.00,  1100.00
-75.7516968,  36.1874949,    -2.06,   170.00,  1100.00
-75.7515700,  36.1875286,    -2.13,   182.00,  1100.00
-75.7514432,  36.1875622,    -2.12,   194.00,  1100.00
-75.7513165,  36.1875959,    -2.01,   206.00,  1100.00
-75.7511897,  36.1876296,    -1.98,   218.00,  1100.00
-75.7510629,  36.1876632,    -1.89,   230.00,  1100.00
-75.7509362,  36.1876969,    -2.01,   242.00,  1100.00
-75.7508094,  36.1877306,    -2.67,   254.00,  1100.00
-75.7506826,  36.1877643,    -3.14,   266.00,  1100.00
-75.7505558,  36.1877979,    -3.46,   278.00,  1100.00
-75.7504291,  36.1878316,    -3.66,   290.00,  1100.00
-75.7503023,  36.1878653,    -3.81,   302.00,  1100.00
-75.7501755,  36.1878989,    -3.90,   314.00,  1100.00
-75.7500488,  36.1879326,    -3.97,   326.00,  1100.00
-75.7499220,  36.1879663,    -4.06,   338.00,  1100.00
-75.7497952,  36.1879999,    -4.14,   350.00,  1100.00
-75.7496685,  36.1880336,    -4.24,   362.00,  1100.00
-75.7495417,  36.1880673,    -4.35,   374.00,  1100.00
-75.7494149,  36.1881009,    -4.46,   386.00,  1100.00
-75.7492882,  36.1881346,    -4.58,   398.00,  1100.00
-75.7491614,  36.1881683,    -4.70,   410.00,  1100.00
-75.7490346,  36.1882019,    -4.82,   422.00,  1100.00
-75.7489078,  36.1882356,    -4.96,   434.00,  1100.00
-75.7487811,  36.1882693,    -5.09,   446.00,  1100.00
-75.7486543,  36.1883029,    -5.22,   458.00,  1100.00
-75.7485275,  36.1883366,    -5.35,   470.00,  1100.00
-75.7484008,  36.1883703,    -5.49,   482.00,  1100.00
-75.7482740,  36.1884039,    -5.64,   494.00,  1100.00
-75.7481472,  36.1884376,    -5.77,   506.00,  1100.00
-75.7480205,  36.1884713,    -5.90,   518.00,  1100.00
-75.7478937,  36.1885050,    -6.02,   530.00,  1100.00
-75.7477669,  36.1885386,    -6.16,   542.00,  1100.00
-75.7476402,  36.1885723,    -6.29,   554.00,  1100.00
-75.7475134,  36.1886060,    -6.42,   566.00,  1100.00
-75.7473866,  36.1886396,    -6.55,   578.00,  1100.00
-75.7472598,  36.1886733,    -6.68,   590.00,  1100.00
-75.7471331,  36.1887070,    -6.79,   602.00,  1100.00
-75.7470063,  36.1887406,    -6.90,   614.00,  1100.00
-75.7468795,  36.1887743,    -6.99,   626.00,  1100.00
-75.7467528,  36.1888080,    -7.08,   638.00,  1100.00
-75.7466260,  36.1888416,    -7.21,   650.00,  1100.00
-75.7464992,  36.1888753,    -7.29,   662.00,  1100.00
-75.7463725,  36.1889090,    -7.39,   674.00,  1100.00
-75.7462457,  36.1889426,    -7.48,   686.00,  1100.00
-75.7461189,  36.1889763,    -7.59,   698.00,  1100.00
-75.7459922,  36.1890100,    -7.64,   710.00,  1100.00
-75.7458654,  36.1890436,    -7.66,   722.00,  1100.00
-75.7457386,  36.1890773,    -7.79,   734.00,  1100.00
-75.7456118,  36.1891110,    -7.85,   746.00,  1100.00
-75.7454851,  36.1891446,    -7.93,   758.00,  1100.00
-75.7453583,  36.1891783,    -8.00,   770.00,  1100.00
-75.7452315,  36.1892120,    -8.09,   782.00,  1100.00
-75.7451048,  36.1892457,    -8.19,   794.00,  1100.00
-75.7449780,  36.1892793,    -8.26,   806.00,  1100.00
-75.7448512,  36.1893130,    -8.32,   818.00,  1100.00
-75.7447245,  36.1893467,    -8.41,   830.00,  1100.00
-75.7445977,  36.1893803,    -8.47,   842.00,  1100.00
-75.7444709,  36.1894140,    -8.54,   854.00,  1100.00
-75.7443442,  36.1894477,    -8.59,   866.00,  1100.00
-75.7442174,  36.1894813,    -8.64,   878.00,  1100.00
-75.7440906,  36.1895150,    -8.72,   890.00,  1100.00
-75.7439638,  36.1895487,    -8.81,   902.00,  1100.00
-75.7438371,  36.1895823,    -8.88,   914.00,  1100.00
-75.7437103,  36.1896160,    -8.96,   926.00,  1100.00
-75.7435835,  36.1896497,    -9.01,   938.00,  1100.00
-75.7434568,  36.1896833,    -9.13,   950.00,  1100.00
