-75.7515087,  36.1839032,     2.63,    62.00,   716.00
-75.7513820,  36.1839369,     2.03,    74.00,   716.00
-75.7512552,  36.1839706,     1.84,    86.00,   716.00
-75.7511284,  36.1840042,     1.23,    98.00,   716.00
-75.7510016,  36.1840379,    -0.21,   110.00,   716.00
-75.7508749,  36.1840716,    -0.61,   122.00,   716.00
-75.7507481,  36.1841053,    -0.59,   134.00,   716.00
-75.7506213,  36.1841389,    -0.62,   146.00,   716.00
-75.7504946,  36.1841726,    -0.76,   158.00,   716.00
-75.7503678,  36.1842063,    -1.00,   170.00,   716.00
-75.7502410,  36.1842399,    -1.32,   182.00,   716.00
-75.7501143,  36.1842736,    -1.66,   194.00,   716.00
-75.7499875,  36.1843073,    -1.99,   206.00,   716.00
-75.7498607,  36.1843409,    -2.30,   218.00,   716.00
-75.7497340,  36.1843746,    -2.69,   230.00,   716.00
-75.7496072,  36.1844083,    -3.05,   242.00,   716.00
-75.7494804,  36.1844419,    -3.55,   254.00,   716.00
-75.7493536,  36.1844756,    -3.78,   266.00,   716.00
-75.7492269,  36.1845093,    -3.89,   278.00,   716.00
-75.7491001,  36.1845429,    -3.94,   290.00,   716.00
-75.7489733,  36.1845766,    -3.92,   302.00,   716.00
-75.7488466,  36.1846103,    -3.91,   314.00,   716.00
-75.7487198,  36.1846439,    -3.99,   326.00,   716.00
-75.7485930,  36.1846776,    -4.15,   338.00,   716.00
-75.7484663,  36.1847113,    -4.19,   350.00,   716.00
-75.7483395,  36.1847449,    -4.21,   362.00,   716.00
-75.7482127,  36.1847786,    -4.23,   374.00,   716.00
-75.7480860,  36.1848123,    -4.33,   386.00,   716.00
-75.7479592,  36.1848460,    -4.34,   398.00,   716.00
-75.7478324,  36.1848796,    -4.44,   410.00,   716.00
-75.7477056,  36.1849133,    -4.58,   422.00,   716.00
-75.7475789,  36.1849470,    -4.61,   434.00,   716.00
-75.7474521,  36.1849806,    -4.73,   446.00,   716.00
-75.7473253,  36.1850143,    -4.85,   458.00,   716.00
-75.7471986,  36.1850480,    -4.98,   470.00,   716.00
-75.7470718,  36.1850816,    -5.10,   482.00,   716.00
-75.7469450,  36.1851153,    -5.27,   494.00,   716.00
-75.7468183,  36.1851490,    -5.40,   506.00,   716.00
-75.7466915,  36.1851826,    -5.55,   518.00,   716.00
-75.7465647,  36.1852163,    -5.70,   530.00,   716.00
-75.7464380,  36.1852500,    -5.84,   542.00,   716.00
-75.7463112,  36.1852836,    -5.98,   554.00,   716.00
-75.7461844,  36.1853173,    -6.10,   566.00,   716.00
-75.7460576,  36.1853510,    -6.23,   578.00,   716.00
-75.7459309,  36.1853846,    -6.36,   590.00,   716.00
-75.7458041,  36.1854183,    -6.45,   602.00,   716.00
-75.7456773,  36.1854520,    -6.49,   614.00,   716.00
-75.7515918,  36.1841088,     2.58,    62.00,   740.00
-75.7514650,  36.1841425,     1.96,    74.00,   740.00
-75.7513382,  36.1841761,     1.80,    86.00,   740.00
-75.7512115,  36.1842098,     1.03,    98.00,   740.00
-75.7510847,  36.1842435,    -0.30,   110.00,   740.00
-75.7509579,  36.1842771,    -0.82,   122.00,   740.00
-75.7508312,  36.1843108,    -0.67,   134.00,   740.00
-75.7507044,  36.1843445,    -0.64,   146.00,   740.00
-75.7505776,  36.1843781,    -0.80,   158.00,   740.00
-75.7504509,  36.1844118,    -1.03,   170.00,   740.00
-75.7503241,  36.1844455,    -1.31,   182.00,   740.00
-75.7501973,  36.1844791,    -1.60,   194.00,   740.00
-75.7500706,  36.1845128,    -1.96,   206.00,   740.00
-75.7499438,  36.1845465,    -2.32,   218.00,   740.00
-75.7498170,  36.1845801,    -2.69,   230.00,   740.00
-75.7496902,  36.1846138,    -3.10,   242.00,   740.00
-75.7495635,  36.1846475,    -3.43,   254.00,   740.00
-75.7494367,  36.1846811,    -3.66,   266.00,   740.00
-75.7493099,  36.1847148,    -3.83,   278.00,   740.00
-75.7491832,  36.1847485,    -3.98,   290.00,   740.00
-75.7490564,  36.1847821,    -4.15,   302.00,   740.00
-75.7489296,  36.1848158,    -4.25,   314.00,   740.00
-75.7488029,  36.1848495,    -4.26,   326.00,   740.00
-75.7486761,  36.1848832,    -4.22,   338.00,   740.00
-75.7485493,  36.1849168,    -4.22,   350.00,   740.00
-75.7484226,  36.1849505,    -4.26,   362.00,   740.00
-75.7482958,  36.1849842,    -4.27,   374.00,   740.00
-75.7481690,  36.1850178,    -4.25,   386.00,   740.00
-75.7480422,  36.1850515,    -4.40,   398.00,   740.00
-75.7479155,  36.1850852,    -4.43,   410.00,   740.00
-75.7477887,  36.1851188,    -4.50,   422.00,   740.00
-75.7476619,  36.1851525,    -4.61,   434.00,   740.00
-75.7475352,  36.1851862,    -4.71,   446.00,   740.00
-75.7474084,  36.1852198,    -4.84,   458.00,   740.00
-75.7472816,  36.1852535,    -4.98,   470.00,   740.00
-75.7471549,  36.1852872,    -5.12,   482.00,   740.00
-75.7470281,  36.1853208,    -5.27,   494.00,   740.00
-75.7469013,  36.1853545,    -5.41,   506.00,   740.00
-75.7467746,  36.1853882,    -5.55,   518.00,   740.00
-75.7466478,  36.1854218,    -5.69,   530.00,   740.00
-75.7465210,  36.1854555,    -5.84,   542.00,   740.00
-75.7463942,  36.1854892,    -5.97,   554.00,   740.00
-75.7462675,  36.1855228,    -6.11,   566.00,   740.00
-75.7461407,  36.1855565,    -6.23,   578.00,   740.00
-75.7460139,  36.1855902,    -6.36,   590.00,   740.00
-75.7458872,  36.1856239,    -6.48,   602.00,   740.00
-75.7457604,  36.1856575,    -6.54,   614.00,   740.00
-75.7516748,  36.1843143,     2.22,    62.00,   764.00
-75.7515481,  36.1843480,     1.93,    74.00,   764.00
-75.7514213,  36.1843817,     1.68,    86.00,   764.00
-75.7512945,  36.1844153,     0.56,    98.00,   764.00
-75.7511678,  36.1844490,    -0.69,   110.00,   764.00
-75.7510410,  36.1844827,    -1.11,   122.00,   764.00
-75.7509142,  36.1845163,    -0.93,   134.00,   764.00
-75.7507875,  36.1845500,    -0.77,   146.00,   764.00
-75.7506607,  36.1845837,    -0.92,   158.00,   764.00
-75.7505339,  36.1846173,    -1.13,   170.00,   764.00
-75.7504072,  36.1846510,    -1.35,   182.00,   764.00
-75.7502804,  36.1846847,    -1.55,   194.00,   764.00
-75.7501536,  36.1847183,    -1.84,   206.00,   764.00
-75.7500268,  36.1847520,    -2.27,   218.00,   764.00
-75.7499001,  36.1847857,    -2.63,   230.00,   764.00
-75.7497733,  36.1848193,    -3.03,   242.00,   764.00
-75.7496465,  36.1848530,    -3.55,   254.00,   764.00
-75.7495198,  36.1848867,    -3.84,   266.00,   764.00
-75.7493930,  36.1849204,    -3.89,   278.00,   764.00
-75.7492662,  36.1849540,    -4.07,   290.00,   764.00
-75.7491395,  36.1849877,    -4.13,   302.00,   764.00
-75.7490127,  36.1850214,    -4.08,   314.00,   764.00
-75.7488859,  36.1850550,    -4.16,   326.00,   764.00
-75.7487592,  36.1850887,    -4.22,   338.00,   764.00
-75.7486324,  36.1851224,    -4.25,   350.00,   764.00
-75.7485056,  36.1851560,    -4.28,   362.00,   764.00
-75.7483788,  36.1851897,    -4.31,   374.00,   764.00
-75.7482521,  36.1852234,    -4.33,   386.00,   764.00
-75.7481253,  36.1852570,    -4.42,   398.00,   764.00
-75.7479985,  36.1852907,    -4.42,   410.00,   764.00
-75.7478718,  36.1853244,    -4.52,   422.00,   764.00
-75.7477450,  36.1853580,    -4.70,   434.00,   764.00
-75.7476182,  36.1853917,    -4.80,   446.00,   764.00
-75.7474915,  36.1854254,    -4.88,   458.00,   764.00
-75.7473647,  36.1854590,    -4.97,   470.00,   764.00
-75.7472379,  36.1854927,    -5.15,   482.00,   764.00
-75.7471112,  36.1855264,    -5.29,   494.00,   764.00
-75.7469844,  36.1855600,    -5.42,   506.00,   764.00
-75.7468576,  36.1855937,    -5.56,   518.00,   764.00
-75.7467308,  36.1856274,    -5.70,   530.00,   764.00
-75.7466041,  36.1856611,    -5.84,   542.00,   764.00
-75.7464773,  36.1856947,    -5.98,   554.00,   764.00
-75.7463505,  36.1857284,    -6.11,   566.00,   764.00
-75.7462238,  36.1857621,    -6.24,   578.00,   764.00
-75.7460970,  36.1857957,    -6.37,   590.00,   764.00
-75.7459702,  36.1858294,    -6.49,   602.00,   764.00
-75.7458435,  36.1858631,    -6.57,   614.00,   764.00
-75.7517579,  36.1845199,     2.24,    62.00,   788.00
-75.7516311,  36.1845535,     1.99,    74.00,   788.00
-75.7515044,  36.1845872,     1.62,    86.00,   788.00
-75.7513776,  36.1846209,     0.43,    98.00,   788.00
-75.7512508,  36.1846545,    -0.77,   110.00,   788.00
-75.7511241,  36.1846882,    -1.28,   122.00,   788.00
-75.7509973,  36.1847219,    -1.08,   134.00,   788.00
-75.7508705,  36.1847555,    -0.97,   146.00,   788.00
-75.7507438,  36.1847892,    -1.10,   158.00,   788.00
-75.7506170,  36.1848229,    -1.22,   170.00,   788.00
-75.7504902,  36.1848565,    -1.41,   182.00,   788.00
-75.7503634,  36.1848902,    -1.57,   194.00,   788.00
-75.7502367,  36.1849239,    -1.79,   206.00,   788.00
-75.7501099,  36.1849576,    -2.26,   218.00,   788.00
-75.7499831,  36.1849912,    -2.78,   230.00,   788.00
-75.7498564,  36.1850249,    -3.22,   242.00,   788.00
-75.7497296,  36.1850586,    -3.51,   254.00,   788.00
-75.7496028,  36.1850922,    -3.88,   266.00,   788.00
-75.7494761,  36.1851259,    -4.11,   278.00,   788.00
-75.7493493,  36.1851596,    -4.07,   290.00,   788.00
-75.7492225,  36.1851932,    -4.14,   302.00,   788.00
-75.7490958,  36.1852269,    -4.22,   314.00,   788.00
-75.7489690,  36.1852606,    -4.15,   326.00,   788.00
-75.7488422,  36.1852942,    -4.20,   338.00,   788.00
-75.7487154,  36.1853279,    -4.26,   350.00,   788.00
-75.7485887,  36.1853616,    -4.23,   362.00,   788.00
-75.7484619,  36.1853952,    -4.24,   374.00,   788.00
-75.7483351,  36.1854289,    -4.25,   386.00,   788.00
-75.7482084,  36.1854626,    -4.30,   398.00,   788.00
-75.7480816,  36.1854962,    -4.43,   410.00,   788.00
-75.7479548,  36.1855299,    -4.48,   422.00,   788.00
-75.7478281,  36.1855636,    -4.52,   434.00,   788.00
-75.7477013,  36.1855972,    -4.69,   446.00,   788.00
-75.7475745,  36.1856309,    -4.87,   458.00,   788.00
-75.7474478,  36.1856646,    -5.07,   470.00,   788.00
-75.7473210,  36.1856983,    -5.17,   482.00,   788.00
-75.7471942,  36.1857319,    -5.29,   494.00,   788.00
-75.7470674,  36.1857656,    -5.44,   506.00,   788.00
-75.7469407,  36.1857993,    -5.58,   518.00,   788.00
-75.7468139,  36.1858329,    -5.72,   530.00,   788.00
-75.7466871,  36.1858666,    -5.85,   542.00,   788.00
-75.7465604,  36.1859003,    -5.99,   554.00,   788.00
-75.7464336,  36.1859339,    -6.11,   566.00,   788.00
-75.7463068,  36.1859676,    -6.25,   578.00,   788.00
-75.7461801,  36.1860013,    -6.38,   590.00,   788.00
-75.7460533,  36.1860349,    -6.50,   602.00,   788.00
-75.7459265,  36.1860686,    -6.57,   614.00,   788.00
-75.7518410,  36.1847254,     2.62,    62.00,   812.00
-75.7517142,  36.1847591,     2.08,    74.00,   812.00
-75.7515874,  36.1847927,     1.67,    86.00,   812.00
-75.7514607,  36.1848264,     0.48,    98.00,   812.00
-75.7513339,  36.1848601,    -0.67,   110.00,   812.00
-75.7512071,  36.1848937,    -1.23,   122.00,   812.00
-75.7510804,  36.1849274,    -1.31,   134.00,   812.00
-75.7509536,  36.1849611,    -1.36,   146.00,   812.00
-75.7508268,  36.1849948,    -1.43,   158.00,   812.00
-75.7507000,  36.1850284,    -1.36,   170.00,   812.00
-75.7505733,  36.1850621,    -1.30,   182.00,   812.00
-75.7504465,  36.1850958,    -1.46,   194.00,   812.00
-75.7503197,  36.1851294,    -1.77,   206.00,   812.00
-75.7501930,  36.1851631,    -2.20,   218.00,   812.00
-75.7500662,  36.1851968,    -2.67,   230.00,   812.00
-75.7499394,  36.1852304,    -3.04,   242.00,   812.00
-75.7498127,  36.1852641,    -3.44,   254.00,   812.00
-75.7496859,  36.1852978,    -3.82,   266.00,   812.00
-75.7495591,  36.1853314,    -3.98,   278.00,   812.00
-75.7494324,  36.1853651,    -4.04,   290.00,   812.00
-75.7493056,  36.1853988,    -4.11,   302.00,   812.00
-75.7491788,  36.1854324,    -4.12,   314.00,   812.00
-75.7490520,  36.1854661,    -4.09,   326.00,   812.00
-75.7489253,  36.1854998,    -4.18,   338.00,   812.00
-75.7487985,  36.1855334,    -4.23,   350.00,   812.00
-75.7486717,  36.1855671,    -4.25,   362.00,   812.00
-75.7485450,  36.1856008,    -4.32,   374.00,   812.00
-75.7484182,  36.1856344,    -4.31,   386.00,   812.00
-75.7482914,  36.1856681,    -4.36,   398.00,   812.00
-75.7481647,  36.1857018,    -4.46,   410.00,   812.00
-75.7480379,  36.1857355,    -4.52,   422.00,   812.00
-75.7479111,  36.1857691,    -4.61,   434.00,   812.00
-75.7477844,  36.1858028,    -4.75,   446.00,   812.00
-75.7476576,  36.1858365,    -4.91,   458.00,   812.00
-75.7475308,  36.1858701,    -5.06,   470.00,   812.00
-75.7474040,  36.1859038,    -5.20,   482.00,   812.00
-75.7472773,  36.1859375,    -5.33,   494.00,   812.00
-75.7471505,  36.1859711,    -5.47,   506.00,   812.00
-75.7470237,  36.1860048,    -5.61,   518.00,   812.00
-75.7468970,  36.1860385,    -5.76,   530.00,   812.00
-75.7467702,  36.1860721,    -5.89,   542.00,   812.00
-75.7466434,  36.1861058,    -6.00,   554.00,   812.00
-75.7465167,  36.1861395,    -6.12,   566.00,   812.00
-75.7463899,  36.1861731,    -6.25,   578.00,   812.00
-75.7462631,  36.1862068,    -6.38,   590.00,   812.00
-75.7461364,  36.1862405,    -6.49,   602.00,   812.00
-75.7460096,  36.1862741,    -6.55,   614.00,   812.00
-75.7519240,  36.1849309,     2.58,    62.00,   836.00
-75.7517973,  36.1849646,     2.09,    74.00,   836.00
-75.7516705,  36.1849983,     1.68,    86.00,   836.00
-75.7515437,  36.1850320,     0.48,    98.00,   836.00
-75.7514170,  36.1850656,    -0.55,   110.00,   836.00
-75.7512902,  36.1850993,    -1.14,   122.00,   836.00
-75.7511634,  36.1851330,    -1.35,   134.00,   836.00
-75.7510366,  36.1851666,    -1.44,   146.00,   836.00
-75.7509099,  36.1852003,    -1.49,   158.00,   836.00
-75.7507831,  36.1852340,    -1.43,   170.00,   836.00
-75.7506563,  36.1852676,    -1.39,   182.00,   836.00
-75.7505296,  36.1853013,    -1.48,   194.00,   836.00
-75.7504028,  36.1853350,    -1.73,   206.00,   836.00
-75.7502760,  36.1853686,    -2.13,   218.00,   836.00
-75.7501493,  36.1854023,    -2.59,   230.00,   836.00
-75.7500225,  36.1854360,    -3.10,   242.00,   836.00
-75.7498957,  36.1854696,    -3.50,   254.00,   836.00
-75.7497690,  36.1855033,    -3.68,   266.00,   836.00
-75.7496422,  36.1855370,    -3.91,   278.00,   836.00
-75.7495154,  36.1855706,    -4.00,   290.00,   836.00
-75.7493886,  36.1856043,    -4.03,   302.00,   836.00
-75.7492619,  36.1856380,    -4.10,   314.00,   836.00
-75.7491351,  36.1856716,    -4.16,   326.00,   836.00
-75.7490083,  36.1857053,    -4.13,   338.00,   836.00
-75.7488816,  36.1857390,    -4.17,   350.00,   836.00
-75.7487548,  36.1857727,    -4.22,   362.00,   836.00
-75.7486280,  36.1858063,    -4.23,   374.00,   836.00
-75.7485013,  36.1858400,    -4.28,   386.00,   836.00
-75.7483745,  36.1858737,    -4.36,   398.00,   836.00
-75.7482477,  36.1859073,    -4.40,   410.00,   836.00
-75.7481210,  36.1859410,    -4.51,   422.00,   836.00
-75.7479942,  36.1859747,    -4.65,   434.00,   836.00
-75.7478674,  36.1860083,    -4.78,   446.00,   836.00
-75.7477406,  36.1860420,    -4.93,   458.00,   836.00
-75.7476139,  36.1860757,    -5.07,   470.00,   836.00
-75.7474871,  36.1861093,    -5.20,   482.00,   836.00
-75.7473603,  36.1861430,    -5.34,   494.00,   836.00
-75.7472336,  36.1861767,    -5.49,   506.00,   836.00
-75.7471068,  36.1862103,    -5.64,   518.00,   836.00
-75.7469800,  36.1862440,    -5.77,   530.00,   836.00
-75.7468533,  36.1862777,    -5.90,   542.00,   836.00
-75.7467265,  36.1863113,    -6.02,   554.00,   836.00
-75.7465997,  36.1863450,    -6.14,   566.00,   836.00
-75.7464729,  36.1863787,    -6.26,   578.00,   836.00
-75.7463462,  36.1864123,    -6.39,   590.00,   836.00
-75.7462194,  36.1864460,    -6.49,   602.00,   836.00
-75.7460926,  36.1864797,    -6.54,   614.00,   836.00
-75.7520071,  36.1851365,     2.35,    62.00,   860.00
-75.7518803,  36.1851702,     2.02,    74.00,   860.00
-75.7517536,  36.1852038,     1.67,    86.00,   860.00
-75.7516268,  36.1852375,     0.56,    98.00,   860.00
-75.7515000,  36.1852712,    -0.52,   110.00,   860.00
-75.7513732,  36.1853048,    -1.05,   122.00,   860.00
-75.7512465,  36.1853385,    -1.36,   134.00,   860.00
-75.7511197,  36.1853722,    -1.65,   146.00,   860.00
-75.7509929,  36.1854058,    -1.74,   158.00,   860.00
-75.7508662,  36.1854395,    -1.80,   170.00,   860.00
-75.7507394,  36.1854732,    -1.69,   182.00,   860.00
-75.7506126,  36.1855068,    -1.50,   194.00,   860.00
-75.7504859,  36.1855405,    -1.64,   206.00,   860.00
-75.7503591,  36.1855742,    -2.11,   218.00,   860.00
-75.7502323,  36.1856078,    -2.59,   230.00,   860.00
-75.7501056,  36.1856415,    -3.01,   242.00,   860.00
-75.7499788,  36.1856752,    -3.43,   254.00,   860.00
-75.7498520,  36.1857088,    -3.67,   266.00,   860.00
-75.7497252,  36.1857425,    -3.88,   278.00,   860.00
-75.7495985,  36.1857762,    -3.95,   290.00,   860.00
-75.7494717,  36.1858099,    -4.06,   302.00,   860.00
-75.7493449,  36.1858435,    -4.14,   314.00,   860.00
-75.7492182,  36.1858772,    -4.19,   326.00,   860.00
-75.7490914,  36.1859109,    -4.20,   338.00,   860.00
-75.7489646,  36.1859445,    -4.13,   350.00,   860.00
-75.7488379,  36.1859782,    -4.23,   362.00,   860.00
-75.7487111,  36.1860119,    -4.26,   374.00,   860.00
-75.7485843,  36.1860455,    -4.33,   386.00,   860.00
-75.7484576,  36.1860792,    -4.42,   398.00,   860.00
-75.7483308,  36.1861129,    -4.46,   410.00,   860.00
-75.7482040,  36.1861465,    -4.59,   422.00,   860.00
-75.7480772,  36.1861802,    -4.69,   434.00,   860.00
-75.7479505,  36.1862139,    -4.80,   446.00,   860.00
-75.7478237,  36.1862475,    -4.93,   458.00,   860.00
-75.7476969,  36.1862812,    -5.08,   470.00,   860.00
-75.7475702,  36.1863149,    -5.21,   482.00,   860.00
-75.7474434,  36.1863485,    -5.34,   494.00,   860.00
-75.7473166,  36.1863822,    -5.49,   506.00,   860.00
-75.7471899,  36.1864159,    -5.65,   518.00,   860.00
-75.7470631,  36.1864495,    -5.79,   530.00,   860.00
-75.7469363,  36.1864832,    -5.93,   542.00,   860.00
-75.7468095,  36.1865169,    -6.05,   554.00,   860.00
-75.7466828,  36.1865505,    -6.17,   566.00,   860.00
-75.7465560,  36.1865842,    -6.29,   578.00,   860.00
-75.7464292,  36.1866179,    -6.41,   590.00,   860.00
-75.7463025,  36.1866516,    -6.52,   602.00,   860.00
-75.7461757,  36.1866852,    -6.54,   614.00,   860.00
-75.7520902,  36.1853420,     2.47,    62.00,   884.00
-75.7519634,  36.1853757,     2.07,    74.00,   884.00
-75.7518366,  36.1854094,     1.65,    86.00,   884.00
-75.7517098,  36.1854430,     0.67,    98.00,   884.00
-75.7515831,  36.1854767,    -0.42,   110.00,   884.00
-75.7514563,  36.1855104,    -0.97,   122.00,   884.00
-75.7513295,  36.1855440,    -1.36,   134.00,   884.00
-75.7512028,  36.1855777,    -1.54,   146.00,   884.00
-75.7510760,  36.1856114,    -1.60,   158.00,   884.00
-75.7509492,  36.1856450,    -1.65,   170.00,   884.00
-75.7508225,  36.1856787,    -1.63,   182.00,   884.00
-75.7506957,  36.1857124,    -1.55,   194.00,   884.00
-75.7505689,  36.1857460,    -1.70,   206.00,   884.00
-75.7504422,  36.1857797,    -2.10,   218.00,   884.00
-75.7503154,  36.1858134,    -2.53,   230.00,   884.00
-75.7501886,  36.1858471,    -2.97,   242.00,   884.00
-75.7500618,  36.1858807,    -3.41,   254.00,   884.00
-75.7499351,  36.1859144,    -3.74,   266.00,   884.00
-75.7498083,  36.1859481,    -3.90,   278.00,   884.00
-75.7496815,  36.1859817,    -4.01,   290.00,   884.00
-75.7495548,  36.1860154,    -4.02,   302.00,   884.00
-75.7494280,  36.1860491,    -4.08,   314.00,   884.00
-75.7493012,  36.1860827,    -4.13,   326.00,   884.00
-75.7491745,  36.1861164,    -4.19,   338.00,   884.00
-75.7490477,  36.1861501,    -4.27,   350.00,   884.00
-75.7489209,  36.1861837,    -4.20,   362.00,   884.00
-75.7487941,  36.1862174,    -4.21,   374.00,   884.00
-75.7486674,  36.1862511,    -4.35,   386.00,   884.00
-75.7485406,  36.1862847,    -4.41,   398.00,   884.00
-75.7484138,  36.1863184,    -4.50,   410.00,   884.00
-75.7482871,  36.1863521,    -4.63,   422.00,   884.00
-75.7481603,  36.1863857,    -4.73,   434.00,   884.00
-75.7480335,  36.1864194,    -4.83,   446.00,   884.00
-75.7479068,  36.1864531,    -4.95,   458.00,   884.00
-75.7477800,  36.1864867,    -5.09,   470.00,   884.00
-75.7476532,  36.1865204,    -5.25,   482.00,   884.00
-75.7475265,  36.1865541,    -5.41,   494.00,   884.00
-75.7473997,  36.1865877,    -5.53,   506.00,   884.00
-75.7472729,  36.1866214,    -5.65,   518.00,   884.00
-75.7471461,  36.1866551,    -5.79,   530.00,   884.00
-75.7470194,  36.1866888,    -5.93,   542.00,   884.00
-75.7468926,  36.1867224,    -6.07,   554.00,   884.00
-75.7467658,  36.1867561,    -6.18,   566.00,   884.00
-75.7466391,  36.1867898,    -6.30,   578.00,   884.00
-75.7465123,  36.1868234,    -6.43,   590.00,   884.00
-75.7463855,  36.1868571,    -6.52,   602.00,   884.00
-75.7462588,  36.1868908,    -6.56,   614.00,   884.00
-75.7521732,  36.1855476,     3.17,    62.00,   908.00
-75.7520464,  36.1855812,     1.99,    74.00,   908.00
-75.7519197,  36.1856149,     1.72,    86.00,   908.00
-75.7517929,  36.1856486,     0.83,    98.00,   908.00
-75.7516661,  36.1856822,    -0.32,   110.00,   908.00
-75.7515394,  36.1857159,    -1.02,   122.00,   908.00
-75.7514126,  36.1857496,    -1.31,   134.00,   908.00
-75.7512858,  36.1857832,    -1.52,   146.00,   908.00
-75.7511591,  36.1858169,    -1.30,   158.00,   908.00
-75.7510323,  36.1858506,    -1.01,   170.00,   908.00
-75.7509055,  36.1858843,    -1.20,   182.00,   908.00
-75.7507787,  36.1859179,    -1.50,   194.00,   908.00
-75.7506520,  36.1859516,    -1.79,   206.00,   908.00
-75.7505252,  36.1859853,    -2.14,   218.00,   908.00
-75.7503984,  36.1860189,    -2.52,   230.00,   908.00
-75.7502717,  36.1860526,    -2.98,   242.00,   908.00
-75.7501449,  36.1860863,    -3.43,   254.00,   908.00
-75.7500181,  36.1861199,    -3.72,   266.00,   908.00
-75.7498914,  36.1861536,    -3.88,   278.00,   908.00
-75.7497646,  36.1861873,    -3.97,   290.00,   908.00
-75.7496378,  36.1862209,    -4.01,   302.00,   908.00
-75.7495111,  36.1862546,    -4.09,   314.00,   908.00
-75.7493843,  36.1862883,    -4.11,   326.00,   908.00
-75.7492575,  36.1863219,    -4.15,   338.00,   908.00
-75.7491307,  36.1863556,    -4.30,   350.00,   908.00
-75.7490040,  36.1863893,    -4.23,   362.00,   908.00
-75.7488772,  36.1864229,    -4.25,   374.00,   908.00
-75.7487504,  36.1864566,    -4.37,   386.00,   908.00
-75.7486237,  36.1864903,    -4.42,   398.00,   908.00
-75.7484969,  36.1865239,    -4.52,   410.00,   908.00
-75.7483701,  36.1865576,    -4.64,   422.00,   908.00
-75.7482434,  36.1865913,    -4.76,   434.00,   908.00
-75.7481166,  36.1866249,    -4.84,   446.00,   908.00
-75.7479898,  36.1866586,    -4.96,   458.00,   908.00
-75.7478631,  36.1866923,    -5.11,   470.00,   908.00
-75.7477363,  36.1867260,    -5.26,   482.00,   908.00
-75.7476095,  36.1867596,    -5.42,   494.00,   908.00
-75.7474827,  36.1867933,    -5.54,   506.00,   908.00
-75.7473560,  36.1868270,    -5.67,   518.00,   908.00
-75.7472292,  36.1868606,    -5.81,   530.00,   908.00
-75.7471024,  36.1868943,    -5.94,   542.00,   908.00
-75.7469757,  36.1869280,    -6.07,   554.00,   908.00
-75.7468489,  36.1869616,    -6.19,   566.00,   908.00
-75.7467221,  36.1869953,    -6.32,   578.00,   908.00
-75.7465954,  36.1870290,    -6.45,   590.00,   908.00
-75.7464686,  36.1870626,    -6.56,   602.00,   908.00
-75.7463418,  36.1870963,    -6.59,   614.00,   908.00
-75.7522563,  36.1857531,     2.54,    62.00,   932.00
-75.7521295,  36.1857868,     2.09,    74.00,   932.00
-75.7520027,  36.1858204,     1.62,    86.00,   932.00
-75.7518760,  36.1858541,     0.72,    98.00,   932.00
-75.7517492,  36.1858878,    -0.29,   110.00,   932.00
-75.7516224,  36.1859215,    -1.00,   122.00,   932.00
-75.7514957,  36.1859551,    -1.31,   134.00,   932.00
-75.7513689,  36.1859888,    -1.48,   146.00,   932.00
-75.7512421,  36.1860225,    -1.40,   158.00,   932.00
-75.7511153,  36.1860561,    -1.27,   170.00,   932.00
-75.7509886,  36.1860898,    -1.34,   182.00,   932.00
-75.7508618,  36.1861235,    -1.50,   194.00,   932.00
-75.7507350,  36.1861571,    -1.79,   206.00,   932.00
-75.7506083,  36.1861908,    -2.15,   218.00,   932.00
-75.7504815,  36.1862245,    -2.53,   230.00,   932.00
-75.7503547,  36.1862581,    -2.95,   242.00,   932.00
-75.7502280,  36.1862918,    -3.37,   254.00,   932.00
-75.7501012,  36.1863255,    -3.70,   266.00,   932.00
-75.7499744,  36.1863591,    -3.87,   278.00,   932.00
-75.7498477,  36.1863928,    -3.95,   290.00,   932.00
-75.7497209,  36.1864265,    -4.00,   302.00,   932.00
-75.7495941,  36.1864601,    -4.04,   314.00,   932.00
-75.7494673,  36.1864938,    -4.13,   326.00,   932.00
-75.7493406,  36.1865275,    -4.15,   338.00,   932.00
-75.7492138,  36.1865611,    -4.11,   350.00,   932.00
-75.7490870,  36.1865948,    -4.24,   362.00,   932.00
-75.7489603,  36.1866285,    -4.29,   374.00,   932.00
-75.7488335,  36.1866621,    -4.34,   386.00,   932.00
-75.7487067,  36.1866958,    -4.40,   398.00,   932.00
-75.7485800,  36.1867295,    -4.54,   410.00,   932.00
-75.7484532,  36.1867632,    -4.60,   422.00,   932.00
-75.7483264,  36.1867968,    -4.67,   434.00,   932.00
-75.7481997,  36.1868305,    -4.83,   446.00,   932.00
-75.7480729,  36.1868642,    -4.99,   458.00,   932.00
-75.7479461,  36.1868978,    -5.12,   470.00,   932.00
-75.7478193,  36.1869315,    -5.27,   482.00,   932.00
-75.7476926,  36.1869652,    -5.41,   494.00,   932.00
-75.7475658,  36.1869988,    -5.56,   506.00,   932.00
-75.7474390,  36.1870325,    -5.69,   518.00,   932.00
-75.7473123,  36.1870662,    -5.82,   530.00,   932.00
-75.7471855,  36.1870998,    -5.95,   542.00,   932.00
-75.7470587,  36.1871335,    -6.07,   554.00,   932.00
-75.7469320,  36.1871672,    -6.21,   566.00,   932.00
-75.7468052,  36.1872008,    -6.33,   578.00,   932.00
-75.7466784,  36.1872345,    -6.44,   590.00,   932.00
-75.7465517,  36.1872682,    -6.54,   602.00,   932.00
-75.7464249,  36.1873018,    -6.58,   614.00,   932.00
-75.7523393,  36.1859587,     2.25,    62.00,   956.00
-75.7522126,  36.1859923,     2.06,    74.00,   956.00
-75.7520858,  36.1860260,     1.74,    86.00,   956.00
-75.7519590,  36.1860597,     0.62,    98.00,   956.00
-75.7518323,  36.1860933,    -0.58,   110.00,   956.00
-75.7517055,  36.1861270,    -1.14,   122.00,   956.00
-75.7515787,  36.1861607,    -1.29,   134.00,   956.00
-75.7514519,  36.1861943,    -1.43,   146.00,   956.00
-75.7513252,  36.1862280,    -1.62,   158.00,   956.00
-75.7511984,  36.1862617,    -1.75,   170.00,   956.00
-75.7510716,  36.1862953,    -1.70,   182.00,   956.00
-75.7509449,  36.1863290,    -1.46,   194.00,   956.00
-75.7508181,  36.1863627,    -1.73,   206.00,   956.00
-75.7506913,  36.1863963,    -2.09,   218.00,   956.00
-75.7505646,  36.1864300,    -2.48,   230.00,   956.00
-75.7504378,  36.1864637,    -2.96,   242.00,   956.00
-75.7503110,  36.1864973,    -3.42,   254.00,   956.00
-75.7501843,  36.1865310,    -3.73,   266.00,   956.00
-75.7500575,  36.1865647,    -3.90,   278.00,   956.00
-75.7499307,  36.1865983,    -3.96,   290.00,   956.00
-75.7498039,  36.1866320,    -4.00,   302.00,   956.00
-75.7496772,  36.1866657,    -4.05,   314.00,   956.00
-75.7495504,  36.1866993,    -4.13,   326.00,   956.00
-75.7494236,  36.1867330,    -4.10,   338.00,   956.00
-75.7492969,  36.1867667,    -4.15,   350.00,   956.00
-75.7491701,  36.1868004,    -4.24,   362.00,   956.00
-75.7490433,  36.1868340,    -4.24,   374.00,   956.00
-75.7489166,  36.1868677,    -4.35,   386.00,   956.00
-75.7487898,  36.1869014,    -4.53,   398.00,   956.00
-75.7486630,  36.1869350,    -4.54,   410.00,   956.00
-75.7485363,  36.1869687,    -4.66,   422.00,   956.00
-75.7484095,  36.1870024,    -4.70,   434.00,   956.00
-75.7482827,  36.1870360,    -4.84,   446.00,   956.00
-75.7481559,  36.1870697,    -5.05,   458.00,   956.00
-75.7480292,  36.1871034,    -5.15,   470.00,   956.00
-75.7479024,  36.1871370,    -5.28,   482.00,   956.00
-75.7477756,  36.1871707,    -5.43,   494.00,   956.00
-75.7476489,  36.1872044,    -5.56,   506.00,   956.00
-75.7475221,  36.1872380,    -5.69,   518.00,   956.00
-75.7473953,  36.1872717,    -5.84,   530.00,   956.00
-75.7472686,  36.1873054,    -5.97,   542.00,   956.00
-75.7471418,  36.1873390,    -6.09,   554.00,   956.00
-75.7470150,  36.1873727,    -6.22,   566.00,   956.00
-75.7468883,  36.1874064,    -6.34,   578.00,   956.00
-75.7467615,  36.1874400,    -6.46,   590.00,   956.00
-75.7466347,  36.1874737,    -6.55,   602.00,   956.00
-75.7465079,  36.1875074,    -6.58,   614.00,   956.00
-75.7524224,  36.1861642,     2.43,    62.00,   980.00
-75.7522956,  36.1861979,     2.08,    74.00,   980.00
-75.7521689,  36.1862315,     1.49,    86.00,   980.00
-75.7520421,  36.1862652,     0.39,    98.00,   980.00
-75.7519153,  36.1862989,    -0.58,   110.00,   980.00
-75.7517885,  36.1863325,    -1.14,   122.00,   980.00
-75.7516618,  36.1863662,    -1.41,   134.00,   980.00
-75.7515350,  36.1863999,    -1.56,   146.00,   980.00
-75.7514082,  36.1864335,    -1.79,   158.00,   980.00
-75.7512815,  36.1864672,    -2.03,   170.00,   980.00
-75.7511547,  36.1865009,    -2.06,   182.00,   980.00
-75.7510279,  36.1865345,    -1.92,   194.00,   980.00
-75.7509012,  36.1865682,    -1.89,   206.00,   980.00
-75.7507744,  36.1866019,    -2.05,   218.00,   980.00
-75.7506476,  36.1866355,    -2.34,   230.00,   980.00
-75.7505209,  36.1866692,    -2.84,   242.00,   980.00
-75.7503941,  36.1867029,    -3.35,   254.00,   980.00
-75.7502673,  36.1867365,    -3.74,   266.00,   980.00
-75.7501405,  36.1867702,    -3.91,   278.00,   980.00
-75.7500138,  36.1868039,    -4.00,   290.00,   980.00
-75.7498870,  36.1868376,    -4.04,   302.00,   980.00
-75.7497602,  36.1868712,    -4.07,   314.00,   980.00
-75.7496335,  36.1869049,    -4.13,   326.00,   980.00
-75.7495067,  36.1869386,    -4.19,   338.00,   980.00
-75.7493799,  36.1869722,    -4.16,   350.00,   980.00
-75.7492532,  36.1870059,    -4.22,   362.00,   980.00
-75.7491264,  36.1870396,    -4.34,   374.00,   980.00
-75.7489996,  36.1870732,    -4.41,   386.00,   980.00
-75.7488729,  36.1871069,    -4.44,   398.00,   980.00
-75.7487461,  36.1871406,    -4.53,   410.00,   980.00
-75.7486193,  36.1871742,    -4.63,   422.00,   980.00
-75.7484925,  36.1872079,    -4.80,   434.00,   980.00
-75.7483658,  36.1872416,    -4.92,   446.00,   980.00
-75.7482390,  36.1872752,    -5.02,   458.00,   980.00
-75.7481122,  36.1873089,    -5.17,   470.00,   980.00
-75.7479855,  36.1873426,    -5.30,   482.00,   980.00
-75.7478587,  36.1873762,    -5.43,   494.00,   980.00
-75.7477319,  36.1874099,    -5.59,   506.00,   980.00
-75.7476052,  36.1874436,    -5.72,   518.00,   980.00
-75.7474784,  36.1874772,    -5.84,   530.00,   980.00
-75.7473516,  36.1875109,    -5.99,   542.00,   980.00
-75.7472249,  36.1875446,    -6.11,   554.00,   980.00
-75.7470981,  36.1875783,    -6.24,   566.00,   980.00
-75.7469713,  36.1876119,    -6.37,   578.00,   980.00
-75.7468445,  36.1876456,    -6.49,   590.00,   980.00
-75.7467178,  36.1876793,    -6.58,   602.00,   980.00
-75.7465910,  36.1877129,    -6.62,   614.00,   980.00
-75.7525055,  36.1863697,     2.86,    62.00,  1004.00
-75.7523787,  36.1864034,     2.13,    74.00,  1004.00
-75.7522519,  36.1864371,     1.32,    86.00,  1004.00
-75.7521251,  36.1864707,     0.38,    98.00,  1004.00
-75.7519984,  36.1865044,    -0.68,   110.00,  1004.00
-75.7518716,  36.1865381,    -1.25,   122.00,  1004.00
-75.7517448,  36.1865717,    -1.55,   134.00,  1004.00
-75.7516181,  36.1866054,    -1.68,   146.00,  1004.00
-75.7514913,  36.1866391,    -1.91,   158.00,  1004.00
-75.7513645,  36.1866727,    -2.31,   170.00,  1004.00
-75.7512378,  36.1867064,    -2.33,   182.00,  1004.00
-75.7511110,  36.1867401,    -2.26,   194.00,  1004.00
-75.7509842,  36.1867737,    -2.18,   206.00,  1004.00
-75.7508575,  36.1868074,    -1.90,   218.00,  1004.00
-75.7507307,  36.1868411,    -2.09,   230.00,  1004.00
-75.7506039,  36.1868748,    -2.64,   242.00,  1004.00
-75.7504771,  36.1869084,    -3.38,   254.00,  1004.00
-75.7503504,  36.1869421,    -3.77,   266.00,  1004.00
-75.7502236,  36.1869758,    -3.93,   278.00,  1004.00
-75.7500968,  36.1870094,    -4.00,   290.00,  1004.00
-75.7499701,  36.1870431,    -4.04,   302.00,  1004.00
-75.7498433,  36.1870768,    -4.07,   314.00,  1004.00
-75.7497165,  36.1871104,    -4.11,   326.00,  1004.00
-75.7495898,  36.1871441,    -4.13,   338.00,  1004.00
-75.7494630,  36.1871778,    -4.16,   350.00,  1004.00
-75.7493362,  36.1872114,    -4.23,   362.00,  1004.00
-75.7492095,  36.1872451,    -4.34,   374.00,  1004.00
-75.7490827,  36.1872788,    -4.35,   386.00,  1004.00
-75.7489559,  36.1873124,    -4.42,   398.00,  1004.00
-75.7488291,  36.1873461,    -4.54,   410.00,  1004.00
-75.7487024,  36.1873798,    -4.66,   422.00,  1004.00
-75.7485756,  36.1874134,    -4.76,   434.00,  1004.00
-75.7484488,  36.1874471,    -4.91,   446.00,  1004.00
-75.7483221,  36.1874808,    -5.04,   458.00,  1004.00
-75.7481953,  36.1875144,    -5.19,   470.00,  1004.00
-75.7480685,  36.1875481,    -5.32,   482.00,  1004.00
-75.7479418,  36.1875818,    -5.47,   494.00,  1004.00
-75.7478150,  36.1876155,    -5.61,   506.00,  1004.00
-75.7476882,  36.1876491,    -5.74,   518.00,  1004.00
-75.7475615,  36.1876828,    -5.87,   530.00,  1004.00
-75.7474347,  36.1877165,    -6.00,   542.00,  1004.00
-75.7473079,  36.1877501,    -6.13,   554.00,  1004.00
-75.7471811,  36.1877838,    -6.26,   566.00,  1004.00
-75.7470544,  36.1878175,    -6.39,   578.00,  1004.00
-75.7469276,  36.1878511,    -6.51,   590.00,  1004.00
-75.7468008,  36.1878848,    -6.64,   602.00,  1004.00
-75.7466741,  36.1879185,    -6.66,   614.00,  1004.00
-75.7525885,  36.1865753,     2.41,    62.00,  1028.00
-75.7524617,  36.1866089,     2.09,    74.00,  1028.00
-75.7523350,  36.1866426,     1.53,    86.00,  1028.00
-75.7522082,  36.1866763,     0.57,    98.00,  1028.00
-75.7520814,  36.1867099,    -0.47,   110.00,  1028.00
-75.7519547,  36.1867436,    -1.13,   122.00,  1028.00
-75.7518279,  36.1867773,    -1.49,   134.00,  1028.00
-75.7517011,  36.1868109,    -1.65,   146.00,  1028.00
-75.7515744,  36.1868446,    -1.79,   158.00,  1028.00
-75.7514476,  36.1868783,    -1.88,   170.00,  1028.00
-75.7513208,  36.1869120,    -1.91,   182.00,  1028.00
-75.7511941,  36.1869456,    -1.90,   194.00,  1028.00
-75.7510673,  36.1869793,    -1.91,   206.00,  1028.00
-75.7509405,  36.1870130,    -2.00,   218.00,  1028.00
-75.7508137,  36.1870466,    -2.13,   230.00,  1028.00
-75.7506870,  36.1870803,    -2.56,   242.00,  1028.00
-75.7505602,  36.1871140,    -3.10,   254.00,  1028.00
-75.7504334,  36.1871476,    -3.69,   266.00,  1028.00
-75.7503067,  36.1871813,    -3.94,   278.00,  1028.00
-75.7501799,  36.1872150,    -3.97,   290.00,  1028.00
-75.7500531,  36.1872486,    -4.02,   302.00,  1028.00
-75.7499264,  36.1872823,    -4.04,   314.00,  1028.00
-75.7497996,  36.1873160,    -4.09,   326.00,  1028.00
-75.7496728,  36.1873496,    -4.14,   338.00,  1028.00
-75.7495461,  36.1873833,    -4.23,   350.00,  1028.00
-75.7494193,  36.1874170,    -4.23,   362.00,  1028.00
-75.7492925,  36.1874506,    -4.21,   374.00,  1028.00
-75.7491657,  36.1874843,    -4.29,   386.00,  1028.00
-75.7490390,  36.1875180,    -4.47,   398.00,  1028.00
-75.7489122,  36.1875516,    -4.60,   410.00,  1028.00
-75.7487854,  36.1875853,    -4.73,   422.00,  1028.00
-75.7486587,  36.1876190,    -4.88,   434.00,  1028.00
-75.7485319,  36.1876527,    -5.00,   446.00,  1028.00
-75.7484051,  36.1876863,    -5.11,   458.00,  1028.00
-75.7482784,  36.1877200,    -5.19,   470.00,  1028.00
-75.7481516,  36.1877537,    -5.33,   482.00,  1028.00
-75.7480248,  36.1877873,    -5.50,   494.00,  1028.00
-75.7478981,  36.1878210,    -5.62,   506.00,  1028.00
-75.7477713,  36.1878547,    -5.75,   518.00,  1028.00
-75.7476445,  36.1878883,    -5.89,   530.00,  1028.00
-75.7475177,  36.1879220,    -6.03,   542.00,  1028.00
-75.7473910,  36.1879557,    -6.16,   554.00,  1028.00
-75.7472642,  36.1879893,    -6.28,   566.00,  1028.00
-75.7471374,  36.1880230,    -6.41,   578.00,  1028.00
-75.7470107,  36.1880567,    -6.53,   590.00,  1028.00
-75.7468839,  36.1880903,    -6.62,   602.00,  1028.00
-75.7467571,  36.1881240,    -6.66,   614.00,  1028.00
-75.7526716,  36.1867808,     2.20,    62.00,  1052.00
-75.7525448,  36.1868145,     2.12,    74.00,  1052.00
-75.7524180,  36.1868481,     1.78,    86.00,  1052.00
-75.7522913,  36.1868818,     0.89,    98.00,  1052.00
-75.7521645,  36.1869155,    -0.53,   110.00,  1052.00
-75.7520377,  36.1869492,    -1.29,   122.00,  1052.00
-75.7519110,  36.1869828,    -1.62,   134.00,  1052.00
-75.7517842,  36.1870165,    -1.57,   146.00,  1052.00
-75.7516574,  36.1870502,    -1.56,   158.00,  1052.00
-75.7515307,  36.1870838,    -1.44,   170.00,  1052.00
-75.7514039,  36.1871175,    -1.55,   182.00,  1052.00
-75.7512771,  36.1871512,    -1.31,   194.00,  1052.00
-75.7511503,  36.1871848,    -1.44,   206.00,  1052.00
-75.7510236,  36.1872185,    -1.96,   218.00,  1052.00
-75.7508968,  36.1872522,    -2.23,   230.00,  1052.00
-75.7507700,  36.1872858,    -1.98,   242.00,  1052.00
-75.7506433,  36.1873195,    -3.02,   254.00,  1052.00
-75.7505165,  36.1873532,    -3.66,   266.00,  1052.00
-75.7503897,  36.1873868,    -3.87,   278.00,  1052.00
-75.7502630,  36.1874205,    -3.95,   290.00,  1052.00
-75.7501362,  36.1874542,    -4.02,   302.00,  1052.00
-75.7500094,  36.1874878,    -4.10,   314.00,  1052.00
-75.7498827,  36.1875215,    -4.11,   326.00,  1052.00
-75.7497559,  36.1875552,    -4.16,   338.00,  1052.00
-75.7496291,  36.1875888,    -4.11,   350.00,  1052.00
-75.7495023,  36.1876225,    -4.25,   362.00,  1052.00
-75.7493756,  36.1876562,    -4.35,   374.00,  1052.00
-75.7492488,  36.1876899,    -4.40,   386.00,  1052.00
-75.7491220,  36.1877235,    -4.53,   398.00,  1052.00
-75.7489953,  36.1877572,    -4.58,   410.00,  1052.00
-75.7488685,  36.1877909,    -4.71,   422.00,  1052.00
-75.7487417,  36.1878245,    -4.81,   434.00,  1052.00
-75.7486150,  36.1878582,    -4.98,   446.00,  1052.00
-75.7484882,  36.1878919,    -5.06,   458.00,  1052.00
-75.7483614,  36.1879255,    -5.23,   470.00,  1052.00
-75.7482347,  36.1879592,    -5.34,   482.00,  1052.00
-75.7481079,  36.1879929,    -5.50,   494.00,  1052.00
-75.7479811,  36.1880265,    -5.65,   506.00,  1052.00
-75.7478543,  36.1880602,    -5.79,   518.00,  1052.00
-75.7477276,  36.1880939,    -5.92,   530.00,  1052.00
-75.7476008,  36.1881275,    -6.06,   542.00,  1052.00
-75.7474740,  36.1881612,    -6.18,   554.00,  1052.00
-75.7473473,  36.1881949,    -6.31,   566.00,  1052.00
-75.7472205,  36.1882285,    -6.43,   578.00,  1052.00
-75.7470937,  36.1882622,    -6.55,   590.00,  1052.00
-75.7469670,  36.1882959,    -6.65,   602.00,  1052.00
-75.7468402,  36.1883295,    -6.66,   614.00,  1052.00
-75.7527546,  36.1869864,     2.37,    62.00,  1076.00
-75.7526279,  36.1870200,     2.05,    74.00,  1076.00
-75.7525011,  36.1870537,     1.90,    86.00,  1076.00
-75.7523743,  36.1870874,     1.26,    98.00,  1076.00
-75.7522476,  36.1871210,    -0.00,   110.00,  1076.00
-75.7521208,  36.1871547,    -0.91,   122.00,  1076.00
-75.7519940,  36.1871884,    -1.21,   134.00,  1076.00
-75.7518673,  36.1872220,    -1.17,   146.00,  1076.00
-75.7517405,  36.1872557,    -1.15,   158.00,  1076.00
-75.7516137,  36.1872894,    -1.16,   170.00,  1076.00
-75.7514869,  36.1873230,    -1.23,   182.00,  1076.00
-75.7513602,  36.1873567,    -1.32,   194.00,  1076.00
-75.7512334,  36.1873904,    -1.54,   206.00,  1076.00
-75.7511066,  36.1874240,    -1.95,   218.00,  1076.00
-75.7509799,  36.1874577,    -2.29,   230.00,  1076.00
-75.7508531,  36.1874914,    -2.69,   242.00,  1076.00
-75.7507263,  36.1875250,    -3.16,   254.00,  1076.00
-75.7505996,  36.1875587,    -3.57,   266.00,  1076.00
-75.7504728,  36.1875924,    -3.82,   278.00,  1076.00
-75.7503460,  36.1876260,    -4.03,   290.00,  1076.00
-75.7502193,  36.1876597,    -4.14,   302.00,  1076.00
-75.7500925,  36.1876934,    -4.12,   314.00,  1076.00
-75.7499657,  36.1877271,    -4.13,   326.00,  1076.00
-75.7498389,  36.1877607,    -4.13,   338.00,  1076.00
-75.7497122,  36.1877944,    -4.15,   350.00,  1076.00
-75.7495854,  36.1878281,    -4.26,   362.00,  1076.00
-75.7494586,  36.1878617,    -4.41,   374.00,  1076.00
-75.7493319,  36.1878954,    -4.44,   386.00,  1076.00
-75.7492051,  36.1879291,    -4.51,   398.00,  1076.00
-75.7490783,  36.1879627,    -4.57,   410.00,  1076.00
-75.7489516,  36.1879964,    -4.69,   422.00,  1076.00
-75.7488248,  36.1880301,    -4.78,   434.00,  1076.00
-75.7486980,  36.1880637,    -4.90,   446.00,  1076.00
-75.7485712,  36.1880974,    -5.09,   458.00,  1076.00
-75.7484445,  36.1881311,    -5.24,   470.00,  1076.00
-75.7483177,  36.1881647,    -5.37,   482.00,  1076.00
-75.7481909,  36.1881984,    -5.51,   494.00,  1076.00
-75.7480642,  36.1882321,    -5.67,   506.00,  1076.00
-75.7479374,  36.1882657,    -5.80,   518.00,  1076.00
-75.7478106,  36.1882994,    -5.93,   530.00,  1076.00
-75.7476839,  36.1883331,    -6.06,   542.00,  1076.00
-75.7475571,  36.1883667,    -6.18,   554.00,  1076.00
-75.7474303,  36.1884004,    -6.31,   566.00,  1076.00
-75.7473036,  36.1884341,    -6.43,   578.00,  1076.00
-75.7471768,  36.1884678,    -6.55,   590.00,  1076.00
-75.7470500,  36.1885014,    -6.63,   602.00,  1076.00
-75.7469232,  36.1885351,    -6.67,   614.00,  1076.00
-75.7528377,  36.1871919,     2.23,    62.00,  1100.00
-75.7527109,  36.1872256,     2.07,    74.00,  1100.00
-75.7525842,  36.1872592,     1.64,    86.00,  1100.00
-75.7524574,  36.1872929,     1.00,    98.00,  1100.00
-75.7523306,  36.1873266,    -0.09,   110.00,  1100.00
-75.7522039,  36.1873602,    -0.92,   122.00,  1100.00
-75.7520771,  36.1873939,    -0.72,   134.00,  1100.00
-75.7519503,  36.1874276,    -0.74,   146.00,  1100.00
-75.7518235,  36.1874612,    -0.81,   158.00,  1100.00
-75.7516968,  36.1874949,    -0.92,   170.00,  1100.00
-75.7515700,  36.1875286,    -1.07,   182.00,  1100.00
-75.7514432,  36.1875622,    -1.29,   194.00,  1100.00
-75.7513165,  36.1875959,    -1.58,   206.00,  1100.00
-75.7511897,  36.1876296,    -1.99,   218.00,  1100.00
-75.7510629,  36.1876632,    -2.49,   230.00,  1100.00
-75.7509362,  36.1876969,    -2.98,   242.00,  1100.00
-75.7508094,  36.1877306,    -3.40,   254.00,  1100.00
-75.7506826,  36.1877643,    -3.68,   266.00,  1100.00
-75.7505558,  36.1877979,    -3.82,   278.00,  1100.00
-75.7504291,  36.1878316,    -3.88,   290.00,  1100.00
-75.7503023,  36.1878653,    -3.96,   302.00,  1100.00
-75.7501755,  36.1878989,    -3.99,   314.00,  1100.00
-75.7500488,  36.1879326,    -4.06,   326.00,  1100.00
-75.7499220,  36.1879663,    -4.16,   338.00,  1100.00
-75.7497952,  36.1879999,    -4.17,   350.00,  1100.00
-75.7496685,  36.1880336,    -4.22,   362.00,  1100.00
-75.7495417,  36.1880673,    -4.28,   374.00,  1100.00
-75.7494149,  36.1881009,    -4.40,   386.00,  1100.00
-75.7492882,  36.1881346,    -4.50,   398.00,  1100.00
-75.7491614,  36.1881683,    -4.65,   410.00,  1100.00
-75.7490346,  36.1882019,    -4.74,   422.00,  1100.00
-75.7489078,  36.1882356,    -4.89,   434.00,  1100.00
-75.7487811,  36.1882693,    -5.00,   446.00,  1100.00
-75.7486543,  36.1883029,    -5.10,   458.00,  1100.00
-75.7485275,  36.1883366,    -5.26,   470.00,  1100.00
-75.7484008,  36.1883703,    -5.39,   482.00,  1100.00
-75.7482740,  36.1884039,    -5.52,   494.00,  1100.00
-75.7481472,  36.1884376,    -5.67,   506.00,  1100.00
-75.7480205,  36.1884713,    -5.82,   518.00,  1100.00
-75.7478937,  36.1885050,    -5.94,   530.00,  1100.00
-75.7477669,  36.1885386,    -6.07,   542.00,  1100.00
-75.7476402,  36.1885723,    -6.18,   554.00,  1100.00
-75.7475134,  36.1886060,    -6.31,   566.00,  1100.00
-75.7473866,  36.1886396,    -6.43,   578.00,  1100.00
-75.7472598,  36.1886733,    -6.56,   590.00,  1100.00
-75.7471331,  36.1887070,    -6.67,   602.00,  1100.00
-75.7470063,  36.1887406,    -6.69,   614.00,  1100.00
